27257 17167
38884 33117
11168 18715
63396 62860
59908 5981
65047 53246
45935 22783
23018 43999
63133 45209
3103 59779
13792 7815
17459 31215
40032 20676
58884 54708
36228 14483
33067 41996
30331 11745
58705 732
32768 31804
58205 51666
19276 18034
34172 32818
40923 29820
64514 6564
7701 21717
47510 3650
1544 63299
24883 8550
56965 11634
61136 889
25359 53761
35617 42946
26791 53151
2038 26437
58610 9851
16196 29847
57168 28884
24442 63255
12399 22787
19175 26273
59296 3979
1996 50602
29826 10205
26295 15767
57245 41262
50070 42111
28350 65354
8782 35858
37051 30407
37091 65357
35779 32170
30229 64572
52919 8020
55150 3554
4821 55294
36258 48561
41912 23915
15294 63641
61775 19914
50210 57440
32278 9810
18787 6122
50077 20931
5973 46150
36060 14671
64002 4509
26278 19393
1990 48717
65534 53549
42091 31315
12784 60813
8512 1880
46310 29108
56343 63462
9676 2246
28574 35408
50501 23797
15725 36778
61415 20855
44669 51066
47725 45559
16906 26874
23848 15330
8970 401
60061 43450
6795 59129
11375 28123
48937 7509
64410 10783
2601 57615
20655 57131
31239 53876
2734 7254
7251 11625
42823 40117
19359 40338
63760 62459
34874 32768
16040 37259
55732 24415
42001 28845
4351 13240
2971 11781
33273 9128
3293 2473
53007 35334
7745 10326
5840 23205
58857 36014
32246 23760
25684 58774
42556 59371
62052 2849
44898 64884
23276 50071
55422 6941
16780 44242
33894 1966
32785 84
63261 36385
62400 25871
24349 0
39589 23251
20383 24130
25879 31942
62263 58359
23728 22398
51535 33291
3918 36757
15350 22522
33484 51389
27568 26847
31191 63198
44951 54302
14782 58181
47322 33034
24645 25023
57564 52402
43144 59735
920 34248
9843 27640
63759 50807
9253 60077
15619 7748
24999 31142
3806 40622
22401 5843
39427 72
62931 31625
21800 59829
20572 24205
61333 32553
51310 8255
37518 56713
41705 29370
64622 49409
50881 14809
57525 49227
45187 42284
719 34645
43948 15964
53855 8879
30539 19234
64816 19848
34635 32193
27335 31555
14946 28234
1314 27609
48201 20041
18656 39531
47339 62248
46852 33707
52496 55602
22795 55345
52959 25261
24025 8339
23357 11398
52187 63432
13378 55712
60664 16233
52179 64955
33945 32943
3517 34929
26462 7105
48099 8107
40119 28198
11803 64312
2296 47828
55513 33656
14483 47964
37626 17608
18499 21905
35904 49166
32416 47715
35219 3252
45720 10498
49444 43346
2427 13420
504 49676
30901 10688
44585 4695
14589 37234
35854 11168
23047 2921
36578 64818
29490 49365
12104 59538
13823 62494
43921 28561
41249 35577
39513 26592
64038 30885
27599 20712
31905 61422
20771 17034
27638 54023
6614 52900
50936 5727
61167 58014
54686 52191
42865 16911
9934 44341
63424 51276
47650 54861
34345 19384
12333 5020
62480 28442
61689 21114
56587 7120
54883 27840
39856 26007
25438 12716
33940 53986
41141 64431
55461 49849
54365 50110
34012 53198
29477 8564
6538 29982
60949 9136
53848 16262
22935 53330
42077 20159
39091 61158
586 58940
15317 28945
22519 18510
53917 43646
28254 32353
45614 40029
31503 52288
61341 54116
41445 7529
27984 13694
60680 23037
58525 15669
57336 15625
36577 32784
47649 26677
21935 50377
25680 58399
6958 30245
0 4630
25291 32965
15866 39717
11375 60871
58126 53659
21754 43967
58283 54255
4684 17892
41881 20262
31311 64090
40934 27171
19905 38504
43101 63650
53227 14943
1022 62727
83 46014
30756 42866
56945 49134
52522 10623
38570 46007
26972 18902
59489 45825
44490 17375
50193 4464
9973 3233
16259 58399
11790 46527
30753 57163
64177 1883
64053 23712
19477 5158
42404 61053
23390 50538
27517 27295
48865 64018
4111 4328
45614 34918
27297 3781
20612 11640
19487 6282
14628 61372
54837 47934
32399 25539
8062 24684
38687 59772
4141 50540
51613 52782
32045 3298
26000 38711
46259 51280
21208 8228
23898 56764
4815 61053
7482 41624
4966 26081
4908 1571
3712 37899
62516 11394
56124 9348
49833 28212
2837 46932
25487 47268
28601 22675
6869 30117
9001 22545
35101 52595
25608 1972
7807 43142
53521 36705
61590 39458
2976 48263
5507 43869
45263 36253
31951 54470
59448 32669
30937 60697
43701 5567
52575 14830
10596 35771
54843 43160
11833 58763
157 15007
49049 44911
16434 217
41853 20134
40771 15451
1421 40810
45108 61467
59574 52389
29182 27761
46819 10925
49603 17089
53940 6134
29132 55472
22404 54735
63284 62813
14292 14269
55076 5369
49188 54884
58273 44697
31388 64426
60396 9341
30131 11963
48098 35452
61398 17424
1116 26028
38479 15584
32766 12225
34392 1157
2510 62445
64870 7423
47002 32424
32325 14047
15651 57515
24779 10582
21000 43310
16773 47513
38064 54177
5028 4056
53030 44385
9491 50899
3323 5071
56455 46972
44992 63553
44029 52618
16111 36759
37822 28739
26766 38234
41390 27396
1 3412
42461 60867
57463 39155
29024 49363
62578 9063
2210 58577
27870 33472
24269 26286
15853 21564
34995 50987
14279 22916
41482 10255
1472 13619
20076 15854
62286 29918
26068 13005
3553 11949
36578 49091
18572 34483
13707 8855
38401 21854
44978 18303
11833 55197
31811 19758
5121 2447
46565 15824
54170 59562
36074 31398
42214 65231
3959 5141
19808 23184
3942 14128
28808 25535
60313 691
37322 11326
15012 23904
51473 6587
32621 47516
64710 55856
41553 60494
38201 65534
65241 14004
52879 51387
7007 43509
4433 1512
50467 44114
8519 56390
0 40479
3616 52634
13115 37103
33543 52821
40538 27502
29860 10487
46453 43384
19326 29575
56133 28600
28114 10373
48719 19969
59172 32766
17797 37923
61184 62239
7538 56547
62113 2
47197 14149
47095 38221
37099 58330
52694 12223
9801 1082
12948 44064
23532 46219
5437 56035
12677 13627
40420 47485
19146 32056
21807 3296
36356 39216
10204 54054
31413 29447
21084 56890
17925 20674
50324 21438
43561 61862
43790 48301
19914 13934
33601 42660
46697 31299
25071 24829
51141 35322
55680 29937
46924 57722
41930 34257
12560 16138
42467 44657
2313 9825
63121 51893
55838 10290
61571 20622
20757 28742
53897 49518
17025 4712
59749 46809
10065 9005
30470 14429
8934 58546
6006 41148
41057 13264
14915 4565
11985 48680
34700 27230
51495 36752
4759 41762
4550 49760
57152 57850
8721 36531
48317 18912
15030 59400
3104 51858
22232 18569
43520 35639
57866 63028
20540 47280
4491 59132
3215 49519
46212 26535
60543 1352
39056 37282
37942 56593
38941 45002
18699 36114
18233 48892
11099 25792
24698 33760
57980 55048
36370 33845
64753 62859
40569 36113
25953 24483
6919 21664
56834 17732
54631 2456
64141 4248
6704 5921
62722 37383
47451 25270
24249 32765
35456 58747
19465 50466
55419 40036
49720 57876
21306 51875
38037 54394
10169 57749
40412 24211
64426 39062
10972 56220
25079 18275
18189 51549
8198 6229
10690 34702
22933 62051
5558 21725
8274 32663
11934 41432
53499 60724
55615 32140
46040 22444
63134 15348
17745 64402
63683 60312
56269 37739
23286 8294
33197 35040
19781 58025
29646 63931
12347 12425
44212 50811
40406 4190
53250 38752
28163 54694
58497 34308
62752 14569
28942 56478
64762 58983
23686 45528
4809 11201
51374 33220
61969 47438
20680 19042
16076 52993
29860 17229
17976 34850
21603 41775
23077 16804
60146 410
57772 50417
47529 61660
19833 37499
32043 63002
58535 17824
26759 30855
29277 57632
57760 15428
31082 64287
17574 44706
42435 9678
26625 60021
32765 4243
30004 45487
23328 61795
35838 7195
62485 47370
18325 60695
32717 6638
45729 19594
49445 44770
53486 40713
42943 2337
57966 26264
53537 11530
47931 23139
40157 34359
43278 26578
17505 39897
21394 3099
30002 2126
13473 12753
20976 59505
26294 26871
60866 64071
30881 15925
35275 6967
46083 58917
38206 17436
18013 54949
48211 17633
47933 35235
17757 39383
48977 39921
56843 46878
24119 5281
62813 13031
61783 56660
8572 38303
29411 3490
20945 24417
44673 4836
35309 63894
11156 13595
45558 60138
37906 9618
27052 45582
31758 27250
31568 62699
1299 34706
12585 36503
53725 22066
46719 36309
37342 39138
33993 937
29060 20202
669 44966
37007 52979
32767 3997
6601 42459
15242 26400
7460 59599
62966 14584
14436 49581
50526 42347
54561 53964
6231 60496
33472 8714
38379 23523
55829 18454
2010 7642
8942 65315
51762 55777
9624 55702
54146 44790
63631 41132
15628 12647
5591 13770
43745 29262
23890 2979
42718 24694
22060 4876
50700 21569
1384 30898
10769 12486
54387 6383
32678 22880
54432 60230
63797 27935
14761 22019
22352 1720
10143 37395
24414 57228
57410 61265
65535 5542
44254 42928
6425 30722
209 57093
23726 46385
22163 58864
52263 3897
33741 1608
18773 6625
26588 46194
28385 34004
16749 22488
39384 8612
16481 30349
49867 45454
37606 41131
9401 63151
10928 42647
60064 56844
12959 33589
17123 49800
13682 27501
39025 55444
6118 16462
8116 58553
39786 18668
4174 64397
27618 21276
16279 47580
7687 31545
29792 43846
38605 27227
54776 20340
43451 5803
45501 40580
30808 29715
21400 51481
56810 13064
16633 18680
10345 4906
11198 44426
49688 30560
17341 6784
46048 21313
46209 33885
27117 45272
6048 19600
42727 40230
1675 16875
3607 46842
4401 33114
198 24149
14942 13386
11501 16692
33197 25822
22346 24610
27177 34037
58073 40862
55119 33357
53335 41437
6308 61155
64318 176
34528 9345
418 28427
48594 40888
59961 55426
16448 43702
58604 31571
24088 28266
2 6718
3047 12756
56789 48505
30254 20780
22692 51487
63462 631
51052 11046
37549 65188
10470 30668
14087 61688
32886 13666
20151 18266
34319 12173
36674 8388
60869 39223
12507 27100
51821 9982
38802 62334
3859 1938
27752 46433
12977 25007
41755 17443
14402 36278
48696 8741
10979 44609
34913 25577
42786 38384
31650 41892
52282 64675
17025 6409
46952 46652
60086 38885
9577 30375
15956 30204
49588 23493
28975 50629
47860 43501
43119 16589
58741 20939
49196 52870
13855 14096
59675 56861
13162 60497
51414 30587
6130 738
2564 64797
64568 1610
8777 38533
61958 23742
10327 46492
60474 53253
40154 19309
8325 16992
18123 17882
20371 18395
1162 37939
20023 31869
29065 42688
47287 33522
59191 48543
17116 62617
59044 23930
43904 32803
32010 50338
21851 62341
48575 9399
36727 27990
48829 5163
10633 4205
5456 1425
21249 19558
32955 31302
934 33843
50181 42929
46354 39650
52354 48168
32905 47523
50461 53571
13496 43110
13912 18892
14060 42164
504 12361
37829 57364
5295 57582
17959 27774
14003 2163
61583 35861
3271 45269
36017 25670
19081 45878
53387 56242
30486 32767
36895 40539
34162 32416
29993 31680
29635 16097
26892 1113
44807 16541
6577 56028
31716 38100
36366 36993
49239 13208
65222 419
51057 9704
35022 54524
15149 10339
40675 37774
28255 7939
56453 62067
35436 64751
19738 28895
11632 2720
39404 35239
24580 25875
59389 29251
56007 16583
54274 60386
40203 15129
59565 3093
65259 22886
21934 36877
2620 59284
32532 39589
21488 50026
12674 24940
55199 63685
65079 19080
60443 52361
39760 54570
7276 38267
18472 2760
26090 57
23081 16184
45411 19390
49986 23548
64349 31106
52721 9999
25648 52011
18282 23425
51802 2835
43770 40758
55841 55057
30583 11176
24800 61578
1254 34438
49397 22166
26121 42212
58152 42103
11371 39426
8207 38141
22753 24942
8383 65535
17144 50935
25268 15353
10753 38740
9123 61739
28717 24379
57511 42421
60798 25219
63171 37697
57780 47097
12171 44030
22564 29366
41011 45851
5761 38898
10399 47979
40378 58049
1861 5436
59060 2639
65315 48864
28718 29378
46493 51601
40705 29135
45278 37523
39380 8244
56724 63869
2607 41058
18787 15031
50548 7091
9159 7742
11694 45637
41370 65472
54634 3294
42287 39010
9434 17786
709 450
13306 37759
5807 7462
32583 18141
7270 16734
48284 55168
19069 56200
1911 12055
33553 1105
50709 47032
26987 41953
41313 56283
34763 63120
39167 9954
60521 55885
65313 41946
52060 29907
411 22177
25895 52156
17384 20982
61916 18972
7094 62068
44413 8885
34926 48058
5084 20491
36811 12465
56147 35049
28038 32930
56492 48234
28457 40389
59438 44397
62780 21128
52541 41442
39191 45099
47987 11511
26449 42664
21441 1
27939 26967
33771 49911
50799 24236
39969 36492
7077 64772
45742 5860
55133 36943
39722 26384
37917 57139
5404 48863
34586 61134
37005 52239
16655 14442
14267 20396
37429 53497
51875 22220
24443 13230
43374 52061
25149 7008
54505 965
31116 21899
7788 39986
9341 46141
44503 30468
13490 40111
48534 41611
19026 29481
8301 65270
37668 50034
43429 1284
51951 48439
65416 46726
1797 14926
20245 3675
33182 10970
13246 15179
35511 31933
5796 48365
44221 35838
48739 21308
15471 5549
35660 7415
8003 35201
44466 12399
60013 34444
51213 51236
38402 25344
20307 25177
17406 53666
746 12805
53026 60039
13002 19981
12245 17573
