52250
39409
64953
39924
48999
36368
52915
7676
37748
50866
49563
14144
8046
18581
21933
58915
62203
39655
37110
10670
41022
8737
3458
12705
35968
27019
49090
32370
25851
35922
13917
27019
8503
35523
49301
21635
15761
22154
15401
10512
54041
205
36906
17723
19760
47803
45544
25817
18302
58596
53544
7524
2649
35552
55501
56741
51002
62973
32795
11754
27586
40761
775
32179
62450
64685
42066
42843
11979
44472
18760
4659
4541
22953
65434
55168
38508
19810
31382
52999
58259
10174
9866
1748
58988
22700
36331
6257
45272
35146
43488
28776
49984
49467
53566
19273
51111
61040
7321
28342
34034
62599
28093
19685
41484
19222
12317
45868
58211
1016
14082
20953
65077
34704
11324
12954
3899
30388
8135
49404
36074
44107
22582
18169
558
8813
39334
52551
39775
59978
60399
13287
29339
25423
13374
24835
30064
44131
29953
61951
19539
19962
16585
60689
43187
43692
16150
8218
35085
39806
45924
5352
25571
6137
11750
10602
1369
38177
28498
13635
49425
27595
54859
26631
17664
57164
45889
6978
10155
14098
8245
24740
2167
11000
25551
22356
46177
60263
59039
16805
55111
60230
62332
50054
18297
19889
37374
17567
17627
50222
7160
62674
42767
3906
5504
23523
56718
54846
40232
10106
49581
41207
56343
51800
22521
53284
49405
52766
43813
7180
45232
5707
55132
38594
45398
33748
36185
58108
40644
53729
45001
301
50594
24513
21124
49413
52616
17950
41266
25153
65507
58278
60561
58071
62882
34476
28489
26205
62013
53284
6336
45820
6030
59701
23999
11292
63230
11041
48798
8632
2494
46313
52927
6920
16011
21883
5212
43168
2633
61440
17162
35127
43695
57938
55432
39195
20279
34064
14661
7489
51339
27352
38794
15452
36774
50675
39659
38269
10583
65501
13635
23056
14842
54126
19366
5948
24951
41697
52245
58742
7848
1233
34023
236
29952
37122
19074
2151
26494
15630
27704
48234
23865
43196
35255
13365
13206
30877
52537
48882
9079
48506
4954
43659
44714
35477
60273
16423
40915
17953
60296
57240
55076
24871
7282
36816
35276
24192
14297
19731
21163
44209
9596
51529
30772
14323
948
6323
19505
40615
517
23526
10408
49937
20276
27240
26015
10324
56716
64470
20546
52035
24368
39624
10407
35786
37011
56621
21317
12859
30247
63021
22323
9918
46393
30488
39113
61845
62942
22185
60100
12329
58284
43158
55443
46553
16877
15135
63001
27332
24436
40400
63015
13561
8732
56103
44260
5044
18087
2150
20300
32187
52949
24257
42786
62021
62316
12244
47711
43552
54534
24650
25813
30307
7301
15445
2497
25644
43302
23753
45796
45849
40922
11786
20116
29333
32865
46231
5058
39280
32726
60058
43612
14511
62538
19266
12473
18449
55095
36284
6112
60496
51438
43381
36177
40667
21042
38986
22152
50809
26525
38308
55512
9096
53454
64911
62979
41718
41725
13219
31676
57213
64474
7169
7730
36949
36188
50564
35024
7361
41143
5124
62632
49449
31831
30113
39368
37458
43899
34810
60142
52819
35284
58804
40191
53112
8491
27481
45016
23136
18935
28623
22677
31439
22137
8871
41182
56950
58315
40904
36310
10767
11347
56398
18127
44158
37200
998
9349
1415
24504
16176
25117
29391
10549
25801
19395
27591
37049
8065
18359
22856
54212
16361
31753
23507
48739
35276
11491
45274
8685
29824
46374
11996
24569
24563
6532
64593
40694
31535
5108
7892
52674
54381
9125
51700
7052
51215
56608
33172
6445
43915
24512
54245
37771
15871
38318
20880
51968
56880
38471
44929
46045
43563
61506
2569
35669
12118
28012
49943
32806
7394
52103
53379
36779
56872
10536
32181
14570
17852
37255
52010
30152
30851
19102
29422
57203
46015
12994
53461
12955
13577
16050
31285
40716
35742
618
22331
23043
50087
25095
34863
28611
23372
33682
37832
36964
26279
16119
34960
39104
36610
6282
2209
18122
44626
50705
15636
54280
30196
44813
31803
51224
59121
63143
543
39042
49001
51006
53421
16607
56799
45745
11912
59358
21090
3232
4887
1407
19992
37943
45184
21795
16657
20311
1559
37653
35843
21759
33984
19995
7307
43973
8826
56471
61191
64715
48887
26019
56142
44770
33933
41675
41990
7583
55494
19623
44939
9
52947
53513
39399
5001
62371
5325
42662
39398
24869
556
26470
33814
44903
3080
60155
18540
44307
19325
48186
63530
16957
55156
4133
58992
50305
2448
26192
18254
3926
23915
8795
28683
54143
14198
25557
45421
45109
19924
40139
45809
18700
14900
14667
23000
65313
65396
18748
16569
3850
52071
26287
37177
37322
63575
59355
54601
23806
29917
31067
22829
56646
12495
5352
7914
59854
10194
51794
31832
64782
36192
24785
36024
40520
2720
60628
4177
29021
22580
12055
11310
24878
34553
5026
40209
27489
41004
28671
24993
743
48763
16452
64928
49110
56996
39503
50967
60500
43799
42233
64450
46390
65000
8877
55035
33514
31152
46809
25965
24858
21363
18493
49543
30378
19742
55528
56842
24757
31732
36404
13072
63230
21838
11548
34286
52569
57659
59151
44130
21826
41754
43749
60421
53448
53423
32345
61223
64516
57657
57631
56742
43552
1060
31100
49175
36313
44092
28622
61952
33443
28929
8694
29936
39754
55666
25718
58403
17946
27629
26884
17807
19253
5324
43263
36339
22781
51977
21104
8188
5737
47841
35751
5236
29689
15346
41955
1416
11422
21939
45205
10120
63165
37510
22237
15149
41456
63757
16340
2438
58890
55304
28654
44165
5623
8120
5610
4312
28059
64741
64705
9117
64897
38547
29778
4370
36052
46494
64474
24865
46509
27447
34756
37004
63347
3822
31129
29594
32625
12696
41558
32655
8409
12855
50455
30340
54474
5801
32265
51871
2493
11628
45869
59539
20546
6916
50308
38773
42012
22257
56782
27636
6114
64601
58457
5733
30007
7211
29040
64918
58250
54607
43437
41112
46632
55953
14690
7845
65136
34747
32107
64117
27311
1767
7744
49631
20862
53636
34386
17886
2460
3327
5653
9064
62242
28871
2517
27894
517
50469
416
44288
54501
4933
13241
19849
30261
20764
39676
64340
57201
7947
49102
10497
1899
56625
43868
59008
33651
1399
26683
59385
38486
1429
51821
50907
16380
53819
60051
8802
2198
11104
55713
32746
63960
37532
18964
1865
25231
30509
5722
27273
20211
22881
31821
21783
64364
21713
16298
54154
6935
65397
10425
56986
39236
30533
18560
48389
959
515
29747
361
21598
