19238
50862
6000
59168
60694
30264
41490
760
31620
286
48117
639
48549
60801
61249
22883
55599
8584
40912
18498
30503
178
11473
476
7472
8282
28937
61040
27727
65461
59466
61090
48686
16488
58804
33423
48686
57906
42963
16786
22107
35338
13199
34060
64751
36028
587
31273
19444
41898
27116
54846
34431
50549
54200
30514
62776
41467
64467
16203
14468
54391
62755
58096
43972
56373
32959
49138
52268
12021
9431
64599
10977
61694
58794
61914
34968
14516
65210
59591
47379
30105
10991
47274
49338
29949
8672
65118
55789
4103
52799
20217
43688
41342
17599
38825
14684
12295
26987
38825
5652
27915
23781
48702
57818
41144
28266
39852
53657
17593
18943
18532
43741
44449
44862
20951
719
10452
18494
42838
39270
18090
46760
52363
30039
63099
23878
31926
31493
27928
63157
53963
27747
19295
54995
17662
26387
50809
59651
41646
54743
49162
26252
853
10808
30223
31852
30150
16388
51195
2092
11119
13050
45967
50843
57728
24106
42728
40959
33588
45601
46786
18337
35320
47138
34318
48942
31868
44689
11842
59882
62316
7476
14895
35329
46181
50312
2880
49683
63489
26241
24560
8928
6376
23768
33658
63073
10606
53056
55058
58590
59192
65510
19167
65223
26961
3923
60198
28046
7984
60034
55982
9521
28278
2662
40045
24180
38200
65176
16198
51438
51025
2343
45442
1698
4706
43980
37448
10405
17368
17128
54366
15663
16808
28019
9670
40159
55028
32607
8809
16815
42368
8859
63038
2570
28238
28595
16852
38408
40212
636
13398
5637
48268
1711
10640
5436
34800
58713
19691
29269
17744
6059
63174
65462
19265
60829
65162
60225
3079
23188
64899
35333
62960
55195
56133
39561
29022
18195
51340
8501
45892
1075
58246
58403
64139
42426
64715
42117
37066
49315
53670
37968
14667
40115
7401
24353
45185
38416
31860
47717
64100
9510
19987
2339
5388
41361
33886
17212
24254
10257
17574
20831
43636
13088
23675
14456
34189
44593
47859
63122
16960
7906
47274
40352
22671
41624
12838
37569
35019
9541
16769
12508
24042
38850
35210
55722
61288
60121
48400
26909
20015
57604
6806
26644
6780
44331
11039
39107
52536
43263
7047
39443
18408
27372
23061
49141
58189
27921
56414
31145
55129
49058
35895
24976
56239
30088
3722
21120
58217
58708
28967
64502
49046
19093
14469
61676
45273
7840
26219
55980
25151
41684
34350
58494
37487
22818
55500
7796
58057
38761
63500
13847
1566
36380
60702
45637
14093
32431
30298
7761
55182
32457
37771
29762
5571
22494
13958
64543
47186
24138
1408
39992
15878
15825
22578
46188
21190
32575
35785
57008
21533
23261
42938
35670
7199
42754
53738
47634
52093
27976
57228
49479
14486
55757
38189
39501
22504
7573
56668
23714
39761
6341
44060
39875
48726
25540
25264
52320
44819
18219
57473
61600
1209
64561
15479
58086
5016
62500
14840
23719
17862
1533
5916
21848
48740
6279
39088
26634
27849
10697
35862
25623
48600
59206
31414
9714
21652
35664
19234
3373
7522
60392
15943
12640
27504
24902
6554
24133
53995
38677
42778
11019
29647
45524
61255
42796
12019
64399
27187
60790
59997
58127
30569
8178
55433
15612
36469
58384
32081
62425
55709
64362
17913
24023
25208
45105
55622
12408
1793
44038
45903
23369
849
62685
44022
32560
5196
14265
52877
61177
11496
18192
6691
34297
49991
37937
12933
3040
47722
43496
10169
26492
23154
60826
49591
41212
14785
805
35521
47973
48268
56105
36488
59779
47408
3149
62108
21225
28843
985
11713
26306
40044
29598
43272
42878
2154
6971
62376
5050
63748
42436
21999
44714
24710
43216
20879
36001
42926
2943
56288
37132
55267
14927
19339
1658
32680
48661
11990
36342
11831
20354
12850
65340
34562
39125
32491
45283
31396
46382
52507
11975
1823
28372
65397
46643
14970
32742
20742
16039
48165
30331
14954
10642
28632
14014
2333
16143
14037
43161
8004
62320
48462
30121
47685
41897
4597
6159
33051
46
45823
3778
42049
27794
55478
37826
33235
5378
5879
15783
42035
22667
44507
21177
32879
34246
53451
48952
31738
25951
29901
21259
37329
61917
41171
34941
1113
15042
36105
48432
51261
25306
3983
34622
3936
24330
62578
38988
54157
21881
16614
56639
34300
4328
40816
54136
53014
15134
2211
716
46998
48957
35602
23821
25803
63799
17509
44304
53146
19988
27290
34648
48368
31190
35391
61959
19985
51492
53656
53749
38779
35772
31085
2895
52395
29715
57191
14807
50878
59375
58938
34070
17448
10147
4653
43320
56123
38015
42578
55146
24923
47825
51739
57329
58441
22576
42359
28310
41943
25998
35705
24538
13635
27435
52453
60457
19053
41664
26832
59254
33451
7090
37895
63184
5927
57194
52642
36055
57087
26623
63170
27504
52239
32303
57238
33917
62388
39349
36395
6995
40232
32495
30288
47171
55318
6992
62773
6895
36288
43123
25531
19258
55646
27194
30250
50298
45674
43310
4475
5959
12221
25877
54322
58586
23924
17271
1693
27421
32769
49289
58968
25371
63543
20219
13755
51389
53888
37124
65492
13481
15423
30510
38046
49811
10830
23966
39594
49484
15208
58369
38272
50772
18652
35717
48466
16934
20003
59748
12098
54014
5112
61334
55719
57127
40854
61735
18613
10482
46170
11884
57584
8692
22205
60213
23700
45234
37562
5419
37054
7873
45935
6289
15919
33940
59525
2576
48059
59278
44790
34183
41836
23795
2350
35009
23386
29817
49357
60068
49344
19075
43575
7512
52156
7142
63960
10938
27127
17913
17284
29067
1381
2381
25444
59800
11536
30461
11463
10327
54493
35502
8477
49784
45866
50917
2795
65255
13148
39055
8750
64948
13484
56888
27338
14151
60718
16663
57907
40984
18503
26700
27847
13307
5102
37677
19992
29200
7306
20904
11875
35629
27949
18302
54735
44675
3521
32916
23210
55649
55813
33551
10005
224
5253
14688
13150
25046
27302
30369
52990
8620
14143
25631
7361
32242
53974
36921
18997
37885
21446
17908
37318
40392
16445
18502
52216
23596
38017
27466
29810
9317
52632
5331
59497
47906
64433
55145
17822
52599
61197
15108
17729
27796
47562
6220
34343
14764
9148
25192
8515
14103
64383
14598
64267
51565
14674
32037
221
15350
1175
14502
40349
45748
56477
26589
42778
39235
58434
21007
27546
17391
61338
42078
53656
63550
29780
12295
10908
64856
38001
16811
48611
31070
36255
61521
12931
10162
9076
46948
2631
