32768 32768
32768 32768
32768 32768
32768 32768
32768 32768
32769 32769
32770 32770
32770 32770
32770 32770
32770 32770
32770 32770
32768 32768
32768 32768
32768 32768
32768 32768
32768 32768
32768 32768
32768 32768
32768 32768
32768 32768
32768 32768
32768 32768
32768 32768
32768 32768
32768 32768
32768 32768
32768 32768
32768 32768
32768 32768
32768 32768
32768 32768
32768 32768
32768 32768
32768 32768
32768 32768
32768 32768
32768 32768
32768 32768
32768 32768
32768 32768
32768 32768
32768 32768
32768 32768
32768 32768
32768 32768
32768 32768
32768 32768
32768 32768
32768 32768
32768 32768
32768 32768
32768 32768
32768 32768
32768 32768
32768 32768
32768 32768
32768 32768
32768 32768
32768 32768
32768 32768
32768 32768
32768 32768
32768 32768
32768 32768
32768 32768
32768 32768
32768 32768
32768 32768
32768 32768
32768 32768
32768 32768