32768
65535
32768
65535
32768
65535
32768
65535
32768
65535
32768
65535
32768
65535
32768
65535
32768
65535
32768
65535
32768
65535
32768
65535
32768
65535
32768
65535
32768
65535
32768
65535
32768
65535
32768
65535
32768
65535
32768
65535
32768
65535
32768
65535
32768
65535
32768
65535
32768
65535
32768
65535
32768
65535
32768
65535
32768
65535
32768
65535
32768
65535
32768
65535
32768
65535
32768
65535
32768
65535
32768
65535
32768
65535
32768
65535
32768
65535
32768
65535
32768
65535
32768
65535
32768
65535
32768
65535
32768
65535
32768
65535
32768
65535
32768
65535
32768
65535
32768
65535
32768
65535
32768
65535
32768
65535
32768
65535
32768
65535
32768
65535
32768
65535
32768
65535
32768
65535
32768
65535
32768
65535
32768
65535
32768
65535
32768
65535
32768
65535
32768
65535
32768
65535
32768
65535
32768
65535
32768
65535
32768
65535
32768
65535
32768
65535
32768
65535
32768
65535
32768
65535
32768
65535
32768
65535
32768
65535
32768
65535
32768
65535
32768
65535
32768
65535
32768
65535
32768
65535
32768
65535
32768
65535
32768
65535
32768
65535
32768
65535
32768
65535
32768
65535
32768
65535
32768
65535
32768
65535
32768
65535
32768
65535
32768
65535
32768
65535
32768
65535
32768
65535
32768
65535
32768
65535
32768
65535
32768
65535
32768
65535
32768
65535
32768
65535
32768
65535
32768
65535
32768
65535
32768
65535
32768
65535
32768
65535
32768
65535
32768
65535
32768
65535
32768
65535
32768
65535
32768
65535
32768
65535
32768
65535
32768
65535
32768
65535
32768
65535
32768
65535
32768
65535
32768
65535
32768
65535
32768
65535
32768
65535
32768
65535
32768
65535
32768
65535
32768
65535
32768
65535
32768
65535
32768
65535
32768
65535
32768
65535
32768
65535
32768
65535
32768
65535
32768
65535
32768
65535
32768
65535
32768
65535
32768
65535
32768
65535
32768
65535
32768
32768
32768
32768
32768
32768
32768
32768
32768
32768
32768
32768
32768
32768
32768
32768
32768
32768
32768
32768
32768
32768
32768
32768
32768
32768
32768
32768
32768
32768
32768
32768
32768
32768
32768
32768
32768
32768
32768
32768
32768
32768
32768
32768
32768
32768
32768
32768
32768
32768
32768
32768
32768
32768
32768
32768
32768
32768
32768
32768
32768
32768
32768
32768
32768
32768
32768
32768
32768
32768
32768
32768
32768
32768
32768
32768
32768
32768
32768
32768
32768
32768
32768
32768
32768
32768
32768
32768
32768
32768
32768
32768
32768
32768
32768
32768
32768
32768
32768
32768
32768
32768
32768
32768
32768
32768
32768
32768
32768
32768
32768
32768
32768
32768
32768
32768
32768
32768
32768
32768
32768
32768
32768
32768
32768
32768
32768
32768
32768
32768
32768
32768
32768
32768
32768
32768
32768
32768
32768
32768
32768
32768
32768
32768
32768
32768
32768
32768
32768
32768
11474
7898
61132
63206
46111
37414
45141
14355
27383
64074
15557
41279
31195
13630
16635
15774
28691
34834
37211
42550
25899
22444
5931
21514
18784
24353
56361
61599
54065
8987
41088
12970
48337
34161
42786
3441
27620
45021
35207
7430
13637
51504
27088
46346
55049
19965
7717
23710
2090
6513
54768
63122
42530
12913
63624
33767
37577
28422
59409
62630
37408
45402
45228
15976
45471
63614
27203
42180
35431
16285
49332
31102
12844
52800
30969
64614
65053
5072
19277
41669
16984
63282
20922
48528
34379
16275
42046
42735
1618
3411
4644
29756
10820
55912
22728
60634
18911
1539
4288
56949
34526
39065
11550
52959
27506
37803
44364
59131
30249
61924
63088
63918
35389
56621
61576
32818
29481
42763
50490
51932
11076
9457
45654
35456
21440
7947
41873
30464
18683
1886
3866
21456
21509
60498
47185
9080
23630
52140
34955
44201
56808
29257
45401
9796
39094
20166
64335
5863
27882
19800
52450
10452
20032
41564
16553
48600
3651
62340
44114
47022
39131
40136
28902
22492
25949
61084
11237
5394
18614
59706
18420
8693
174
17092
63042
47880
65060
38483
64675
46678
40315
38597
17058
27678
18852
13812
11963
34156
52974
14631
39192
5201
5251
32740
9512
12054
52129
61559
63562
62345
52079
21999
48112
25075
45275
10943
2754
61678
6627
2407
20104
28256
54290
45310
3834
28632
25133
57837
52737
28480
30927
27543
49002
61333
63282
19327
33187
63798
24377
1777
31692
46637
28400
45135
30810
51207
46586
36837
50382
56027
24700
38555
55592
13755
32380
14827
25967
61949
41577
56338
27865
33029
16696
38142
7012
4664
19707
51515
63926
62179
25672
50333
14392
18774
43108
48976
27649
11991
19492
14139
33921
26576
22427
28602
11302
15366
7516
38814
3487
60682
29729
40136
6309
7854
18453
22020
55165
1135
61791
36744
50561
23717
21726
2330
60151
53245
22635
46664
34655
25122
21300
8162
47744
34519
61806
3321
46394
42195
22320
53123
31583
9198
10214
5150
41885
32064
9913
14529
12064
12957
3753
1765
16093
56376
64004
22746
9263
55112
64563
50258
46679
23366
74
18670
11755
7005
31687
58360
45046
37771
41505
44930
16970
19120
51024
38269
5014
10387
23299
61509
45124
54160
56064
24262
56063
29525
5312
47527
41515
21594
4402
49587
12763
10242
62510
43863
55427
5850
13595
51885
27253
54451
31570
63044
31465
24023
43971
22306
10811
23285
54788
24351
56052
15626
36376
21347
17217
43524
59829
49059
15020
64570
1172
62343
4289
50784
18947
8008
20264
51684
47244
28457
64939
14898
26124
26033
6146
14373
44125
39608
26791
57261
48635
41320
64232
18658
10528
55257
47232
25170
18887
47714
20989
63867
11753
11453
35700
59038
25758
17235
35919
60601
45548
40316
55932
1683
46289
62941
47193
45648
23267
29976
19920
52310
31895
11806
5677
48552
6919
51121
29864
19260
28955
14922
9066
74
8350
11435
16146
62779
25379
84
57579
7311
31565
38661
46473
5449
51315
13832
58804
2421
39041
44004
15437
63360
55791
597
17665
29129
22566
3468
8242
54774
29806
28024
20665
17062
55970
4403
64736
44302
31057
19315
27118
21626
3820
46513
35291
7354
14608
38265
59555
34919
55074
45606
31095
59332
62657
20910
60813
53262
2085
17134
63132
34700
54540
46711
154
60974
1466
13733
61933
27102
46984
61308
42146
31498
58730
53998
58227
18127
28618
33093
26662
50625
6970
18593
49022
6857
56336
9178
37012
48510
42597
59175
46820
2349
33424
56845
65084
12131
49526
8486
62873
18056
11615
30998
3991
37627
3225
41139
15591
6696
64583
16566
25083
23173
44964
7852
4325
19198
3095
24030
17391
3660
13340
35280
35258
16550
60229
38764
42893
958
37767
24420
23441
30252
52600
46832
7610
13213
26872
30891
44381
16930
20435
60015
27892
22992
4494
10399
1764
63015
13856
54979
16517
9029
21811
44987
31608
29532
10020
37820
40414
48456
55135
29420
38143
58751
20819
46217
27285
54445
14851
257
48053
18152
42705
36442
65193
14862
65460
28778
56218
31107
1308
52511
40115
36140
47934
5501
62733
10587
46069
59617
29749
58200
23367
37628
11072
53685
64014
46263
1932
52144
59154
49995
55708
53819
22766
25739
11718
56924
38168
3427
23699
6849
42161
39889
3123
7738
21248
6486
1059
27574
12240
26297
41890
35873
59232
27564
10663
20852
33667
48704
30967
8821
21250
41911
52728
50616
4009
31965
3401
22231
27897
62244
57001
56566
21173
14011
14412
25097
23643
50031
4242
7815
25829
33999
37795
17159
23638
35527
50334
54509
35340
15215
60561
49733
15070
10283
10703
26924
9811
43525
37314
47941
10174
16021
13069
17784
10281
31105
17469
59767
42914
1412
56728
38573
34582
56330
29677
56646
19475
41867
39688
52544
52149
3619
23459
61695
43861
46178
19563
34795
18983
33066
8638
64640
26960
18602
12099
9281
39640
62108
65520
57644
4927
18812
1196
32949
12394
30018
56021
43820
17103
26870
58661
40359
57492
60286
11980
3095
46787
37264
4077
36814
43518
2352
61031
36885
62181
59384
4868
56941
58870
34132
46335
55974
63209
65212
28018
42775
27510
12240
1495
43114
17368
38544
29693
49022
19379
2682
10024
7825
21919
63523
35059
53316
61837
61285
23311
20681
51863
22702
10131
40138
10194
32054
4405
18281
50121
54179
9439
3329
11234
32780
57020
9309
42890
43449
29890
7630
53972
16982
61753
58085
10898
52058
17150
49780
21353
20399
947
44149
60037
9857
35528
31105
43130
46307
54227
39731
16440
38655
56855
15586
2364
34416
24200
25411
57877
58374
14851
1040
43597
28303
7311
33145
61222
39435
22762
37476
53505
35402
15746
48890
26825
19196
62130
61102
39957
14363
23293
53030
36953
47713
20367
6512
38438
63582
37976
55873
36418
56755
65257
7486
21020
21946
41272
33852
19304
40536
41341
47795
57563
47627
45649
53809
12535
63973
29152
62336
61112
15189
62926
35443
38297
35548
40099
12975
27801
6091
21472
17471
55605
28923
38986
61468
63671
36446
36041
49491
59313
21559
40655
18223
10634
56754
45245
13762
8369
52452
51683
223
14800
8069
32064
31446
6056
15989
22511
36097
23597
38252
62573
17884
15053
5159
15288
12646
64202
56982
20855
41481
20001
38031
37328
49104
1822
54569
11195
52715
48056
18556
58722
17105
22024
49722
12056
9945
30365
63659
24770
7224
36389
57056
63817
42131
38625
41365
3950
55902
36403
59208
58862
59195
61536
6826
24826
30160
49312
15323
35386
23192
24364
23854
9425
58951
52870
44247
2009
21443
27351
26305
30935
41497
4500
31155
54026
47372
41386
54886
19012
23025
62630
2747
1165
9051
65237
50576
36677
40125
42465
47679
18570
55027
24209
19656
27465
6757
53718
40014
17830
39612
929
34856
51922
22046
63281
22276
40465
14631
64096
39740
64164
28575
64392
65432
8869
36740
64491
16639
40378
63472
17529
52634
25007
32521
61602
63140
31433
43855
28337
41251
1851
50040
61109
14843
40819
63
27365
45819
51848
3921
13633
43889
54008
8077
17895
10100
3929
33584
25726
11063
17948
54826
57696
24109
44947
57678
10313
58090
60300
49106
32801
3673
64228
11160
47935
61299
51910
25708
14101
49387
8232
48241
54770
59606
41482
38798
62664
30501
26592
10883
56971
36896
63382
7680
48712
57968
47169
18732
12398
18310
169
56283
17832
57466
27245
19816
62015
55599
39927
36873
13514
6940
29802
6996
806
54578
23524
13358
26540
15753
7742
44129
64875
28031
33980
30708
6479
33876
14523
59460
50839
300
1575
11729
52656
22987
41717
52439
16716
33322
63834
53369
28336
42618
43884
34217
5583
38050
62301
12892
43126
16277
39983
27897
18061
43615
61170
5957
61348
15450
27129
9817
55698
35729
43412
27227
2113
26030
65212
30141
21388
27176
1046
7951
34221
51852
52751
8446
59239
60035
4268
56840
59127
8346
12192
35480
57068
17556
65177
44896
18638
48831
54250
1609
12565
5736
57531
4859
2298
44314
4396
8153
19157
4195
35288
13428
8993
46001
63705
16610
58650
12119
15225
60190
26910
43263
49021
7072
33480
30164
48179
44267
37289
17579
57721
16385
53241
8052
32099
36165
19890
46996
25142
26277
22256
20525
38087
17090
52892
9981
9976
14292
32222
46089
10758
9385
12483
5328
45877
40170
35121
52957
15063
27134
63689
51103
32324
12051
62418
58669
37716
56951
6465
56986
19908
10023
2117
6979
37553
44400
17114
63306
34851
25028
50563
18033
1252
25631
35594
22704
9631
17474
12687
60950
35682
35736
63668
28169
20368
7291
50960
58983
18548
14508
340
16586
50054
60325
37073
42986
59124
58052
52002
33243
33111
39190
35494
32858
37991
58987
55397
57891
63449
43274
7733
33326
28916
43054
52119
7966
61488
46363
41451
57719
37459
23219
8576
20017
58872
8633
19480
60325
51849
65433
6603
9331
16136
44963
22771
16560
20225
8389
64249
62217
58747
1934
50299
1698
40330
14812
11817
6066
65206
46514
46085
21910
57724
61920
40332
25109
52475
5619
14816
22225
24472
20984
54911
51884
8078
41650
57537
42036
16907
17981
59508
62861
44257
23720
2005
59002
7684
64039
15572
49728
48127
24069
43646
42777
30272
36876
40056
35502
1549
62110
50831
57107
2696
52200
55245
49618
30944
56337
4959
21532
24072
33905
31541
15344
24921
31978
40908
552
61234
62467
3168
20543
55441
43760
60911
61215
31606
50109
51484
26152
55901
40041
37473
41580
21838
56951
33761
17091
6741
22238
3359
58313
9617
19261
24592
3413
22241
15541
50228
5417
18452
37583
64905
61512
33935
53275
35556
33793
30668
28463
1341
35715
27049
59489
249
4187
41638
18859
23862
32287
13663
57944
20690
6200
39318
44150
32039
43041
37646
58346
60852
44799
6922
15600
32644
27836
6655
6603
49748
26718
62253
28958
24995
9162
7893
855
5256
43670
50546
50246
56667
8090
40120
38276
40742
41219
38134
35558
3958
16626
46213
33017
57330
23762
55817
60303
25439
14540
38274
26968
57298
37314
61383
1992
12242
1871
46520
2672
4972
17359
33717
55698
43448
13958
35236
65404
19813
46484
45414
46412
57254
43211
10444
32331
36292
31936
41871
62597
61834
48659
4471
7693
26877
21391
43828
3297
21434
43144
52359
31577
36627
60388
52439
2751
39692
58084
37567
9475
23009
25005
58609
39831
51060
61471
11369
49330
62325
21311
55081
37310
63637
49987
55499
38422
50463
41130
27104
62376
59763
8618
52456
11962
59155
58584
31439
22193
32208
53796
52162
50308
52453
12775
968
6298
18671
62926
59154
9913
40271
41543
43165
59820
13103
10530
24146
662
18962
61587
30424
7584
48224
64468
42930
27239
49526
58692
540
43516
11140
3692
60484
49478
663
41222
53609
60875
54488
657
34007
78
43733
32128
980
53261
3256
55352
30730
61040
65116
34882
13204
47488
45225
42704
32359
52353
1961
1189
38209
42241
44858
55361
58227
35008
14990
19619
42050
349
2183
43756
50925
32401
27234
12210
2802
641
62069
9186
4301
38565
25977
62276
3655
47214
64427
48091
65441
16770
54434
35297
38078
29389
9264
45075
50791
26853
6644
29215
56752
40814
4109
5072
41266
44560
55410
31551
19715
17558
11787
28677
36621
50799
828
13939
33264
14318
4990
26698
47794
48311
20474
24327
18984
20815
55588
52176
10806
32256
3035
44604
9257
8535
2438
59485
12848
35808
26171
46050
21748
1683
50728
32656
26743
58030
62639
9986
19682
17757
50684
21008
45369
1307
37307
32921
20191
37005
231
47408
1533
36864
15702
1846
34913
29305
16298
36769
39256
4383
4627
65521
7050
32026
34868
15034
57116
12640
34183
24704
39280
36709
27846
58436
30746
6342
4869
56335
27096
30064
10451
42707
53335
16402
15760
25301
20335
26989
61390
1255
43810
33399
41911
43433
42718
62841
55956
50310
11920
34291
27974
7455
45935
26000
60166
12769
8156
45010
22684
15960
5085
20294
64574
18094
5016
36005
64765
513
26409
16823
42072
34725
14909
17708
45292
53058
49825
39921
37590
60039
43593
58398
3960
9529
47043
26107
17985
39056
17052
36558
60652
24644
64626
23617
55476
29377
24896
49554
10205
16145
3094
52166
60555
61324
40893
47023
26258
18472
34965
42348
21737
63232
38165
26762
51553
672
3439
20669
36544
33577
5715
50830
34587
61515
40571
26225
54819
32949
20885
8313
38796
60384
49522
28859
11361
44691
46888
9747
2499
40159
10530
53776
2180
37641
17940
47913
58539
2418
31654
37424
14712
1832
60037
9986
31662
35532
31006
24269
47826
14032
43222
52099
18450
50607
44254
59513
38964
44601
2527
20488
41868
23926
33976
43506
32017
57
42334
17242
11193
766
34207
14570
49015
46437
48357
55186
15778
45393
34643
21222
12314
17697
8395
62438
62100
13966
9049
33040
19283
23908
45966
19882
64385
7279
30025
47245
62744
31284
44506
28713
39892
2994
41297
62026
19308
10146
25045
49726
30823
60835
27281
41132
2601
42944
57686
54672
34733
59771
52705
23101
24585
22753
17628
13959
55260
24180
62430
26075
53505
60135
53437
1008
19523
52604
63403
24983
59619
44776
44584
26128
62998
65338
51222
26298
51795
42967
13429
20096
21903
45858
30650
45827
45172
5296
59924
56808
40209
45782
12758
12436
56901
64441
21648
13229
46017
34441
48901
44861
41569
52188
33126
41659
45760
9142
24822
59141
37929
27722
7289
11681
14411
63895
42897
579
24946
22446
45208
38043
30297
49517
13163
52687
39815
62477
2458
31458
6323
63835
53884
60773
17821
6200
55985
36728
19418
42618
41426
19966
43115
28867
12067
14185
61930
45875
5615
2830
2778
56002
9126
44735
41628
62449
51496
27020
34479
12633
33586
20245
65396
48193
5665
43069
30880
61744
23445
60914
32642
26039
61595
58438
54639
31517
39105
53247
63645
28372
6419
40396
42403
18070
61133
37852
25373
46474
60907
3148
33414
12497
1973
56394
64516
61163
22719
44863
24736
33637
48555
55045
4303
54746
24033
29984
48824
31836
18971
48123
26428
39719
5040
9526
18241
47460
35221
47900
32047
33317
46216
30108
14595
25040
33878
25004
29324
34283
13161
37866
48058
6187
7039
45415
49214
33770
14646
64693
38820
604
29642
19034
25094
56388
43070
43719
12784
22823
48892
38966
27897
64755
53000
32415
3703
52661
29158
28975
28649
51299
41638
38894
5816
3861
53173
62629
29446
39116
42938
6484
33811
58890
64125
60811
21596
16346
26969
27999
56555
12000
32744
32887
323
22280
6961
40180
7068
52935
10380
5128
56087
32613
10192
43436
38911
28259
6231
32714
18117
20579
41357
6713
32888
15604
30384
9409
22440
53014
38747
7139
25845
20063
33680
3150
45605
49286
55440
64359
39780
44729
62712
13784
55002
41150
34199
65022
24576
39490
14908
25493
58103
46436
3908
16941
401
12479
35786
59649
40010
43084
24374
13059
48074
31156
52177
10947
34405
25489
63392
58565
46054
21340
45985
47802
55636
45002
39458
12555
55229
64768
50029
41645
4657
3962
39099
14414
45228
34074
61334
10396
56356
24175
48646
21265
55638
49102
47976
60476
29908
46276
35391
31253
14517
36033
57358
23390
33567
60909
24682
46696
18201
13562
17683
47270
30307
22402
9095
40722
34369
30224
27089
34706
43238
42963
61618
24029
24948
29999
4094
50661
34550
34297
48642
16543
36867
23476
23375
491
45996
19985
48542
17267
34607
13475
47471
8508
42386
32167
29034
64599
47539
10264
11145
39622
14496
58981
52623
36004
61624
42189
21013
49381
17175
2968
43061
52727
39759
9897
15886
24176
65215
12440
29136
11652
6228
12148
28273
13863
64374
30505
41808
30004
1279
4768
2592
50271
17198
14353
57204
64590
35352
14004
14793
30858
4440
10246
4959
61975
37524
50511
29021
47813
15883
22086
43581
35609
59122
12957
23283
4056
25626
57131
64704
3996
7424
14874
24415
56510
29027
53553
1158
45828
24664
38089
58182
39534
51838
26850
35340
37082
38721
29058
48786
50653
31618
25157
60886
8638
30677
36861
39339
57838
42877
2298
18270
16870
60203
22420
55817
60809
41753
32049
32196
6778
58883
5690
47852
44753
36295
40414
39366
16968
30720
21717
18501
28639
37919
59721
16572
15322
21996
53750
43470
59352
20633
8487
12058
12624
61259
23690
44967
18471
57014
45847
57286
63443
11915
5024
14280
32687
39008
52382
23444
32443
26947
29607
58129
3224
65341
35071
4950
24520
48015
35451
1853
47423
19815
39847
5837
50518
46656
8452
41636
26495
41335
42102
65494
36053
57589
21801
54473
17108
45027
56472
22802
63210
60430
11147
56633
49419
13916
52619
8887
32157
11741
25320
63302
36346
44452
46077
64089
53152
54598
43779
39899
33490
49917
64277
20209
3258
50569
27864
57201
32782
1037
18554
60591
31391
41209
56798
18493
39176
23950
1023
24336
14995
32905
5691
18429
54038
3511
56515
33476
26349
22997
31844
21465
24654
45929
31281
36895
29785
61841
7810
40584
21193
49854
43705
44838
19203
33331
18881
17258
33497
43008
37305
51052
7409
12312
51881
56785
32219
39196
50523
17137
3544
21108
19020
52202
51231
2328
5135
33432
36353
46487
51135
32735
5562
49410
52622
5255
35397
42183
59199
46174
11949
27675
11481
47343
6549
31441
20816
18018
12507
55012
47400
27470
50452
46436
50971
14264
18869
9349
17852
47091
15111
19753
35067
21687
38312
39138
10437
23350
56987
37928
49246
6778
52876
37587
25977
50453
58123
28501
21526
43245
29028
51173
14367
34179
46488
49207
53944
980
38457
53612
36982
42880
29010
49827
3467
51324
54210
34939
7703
51663
2323
32361
17639
35234
11579
53413
34042
24974
35459
33341
47677
8664
61519
10684
7784
43134
25851
38239
42053
37615
28208
51770
60677
39706
7779
34278
19752
60348
57964
21399
48330
51345
35775
47531
46509
2814
11739
23241
26103
1450
1687
30188
11673
60427
16823
19435
11704
54389
3264
13696
9099
58770
338
48652
57644
2325
9773
39912
33399
55039
3363
35391
64175
5868
23199
44843
13326
41684
37486
28106
3280
58744
42963
48624
9264
41112
22853
46921
22916
4601
28023
8115
14864
3700
36616
53753
16034
1114
14055
8231
44632
37521
14516
230
18956
47493
17120
16213
54837
8515
58347
56847
17365
62185
49484
49465
51564
8300
9941
34564
56295
5804
31152
1147
21659
62395
13592
15690
59047
60369
65525
54152
43258
14739
911
30609
43036
23702
37239
45492
26343
61614
27243
42987
21883
46892
16887
2360
20416
40723
34301
21464
43483
23607
9190
43533
55145
20783
32389
23225
1984
328
30879
27940
10892
430
56835
62649
13680
63624
5761
57040
13747
7999
12941
13734
54833
9948
17596
47358
32175
17607
2887
52998
23771
62182
37518
13419
37282
45804
420
41550
36041
15209
43373
35084
27102
550
18049
41587
54075
9602
52799
15698
23351
20267
9191
11537
53508
54914
48507
54633
40067
20979
1444
35471
869
35149
23686
64282
46354
50368
34863
37257
9392
53932
12277
60766
17742
57169
20709
35980
6295
55160
18761
2871
2041
33436
25880
42092
62884
9065
7184
50051
24853
61331
21763
64776
15502
52469
27595
37938
38815
21750
29491
46385
23251
65447
25517
3760
1356
22643
13244
35139
36655
48821
36394
12179
60769
29559
54246
34612
18260
55009
13165
13319
22836
6763
60464
55505
12427
17526
31205
25763
28260
15904
16571
62980
8324
20923
10142
19587
43211
9242
26469
33484
56226
46497
2913
18446
62359
27569
25452
18425
5648
58657
54978
28353
9271
16976
28663
18539
64721
37981
60144
12399
23038
42954
927
56487
14441
52055
23884
41155
61768
54173
40677
3212
27505
54967
30606
17815
52205
17260
42795
28094
25636
3689
50980
26507
47311
755
8575
47769
1260
20812
53832
5373
57907
38485
7411
64166
7763
46962
15132
13591
30933
14642
39615
8783
2793
51824
61257
11535
45058
45748
4085
50703
21070
34902
23621
18795
59945
38900
3377
46592
26706
59851
26323
16110
58929
7189
39711
65389
8405
40274
24544
19899
58944
60032
61105
23054
56826
59589
15890
2725
59090
34353
40680
26080
3436
16456
29463
52847
57043
22770
49993
26528
25414
45359
2074
25126
61632
6540
23227
62255
44633
55197
29508
42618
4416
53550
11298
55126
50143
45596
21253
48833
13178
5981
64828
62005
1050
43562
14297
16146
23788
47173
16872
51717
34911
42358
4698
21529
50691
31852
36388
62590
58694
47276
44967
53878
42923
33523
29315
16896
9354
16429
4579
10635
17410
20406
63030
1067
57804
42683
65256
16615
9447
59641
65509
36583
63206
31205
33767
39379
56925
9877
27797
6922
53213
48624
28744
18326
30215
23039
1402
47749
23945
16604
52489
46052
32529
12924
6054
54112
17308
32660
11110
63997
41577
35900
25452
64375
27513
59945
48332
62211
15233
60931
4270
21300
6880
61835
7391
22938
61690
28581
57006
49271
64352
38944
38180
62856
39346
78
37570
54917
27826
50263
48436
31237
46187
26212
64010
46957
21831
44062
3553
31856
5337
5641
32270
12395
37611
29654
43119
22364
58027
38719
57182
43418
32851
10785
57002
27610
27844
59051
46396
38840
3765
65398
25915
51612
27734
64440
4748
17561
65443
64167
52576
35210
16011
46132
46915
24973
22158
17806
3380
13346
7072
1360
24
30294
57221
41467
60622
20785
16919
49559
45064
51293
21986
8697
12709
51046
23450
13820
732
45665
21719
18304
41192
56016
12376
22630
6251
57577
27032
50319
3038
3628
17051
3230
27319
18724
24262
49884
27880
7932
62581
60537
25406
64354
10214
226
44276
45305
29314
24596
30264
12553
25833
62984
12636
1258
20238
45338
32910
53141
17027
24676
41104
40175
35674
6476
63371
60060
49328
37549
40614
31613
17816
19590
14982
55343
58104
5903
15781
54196
32768
49081
28372
31638
12571
25802
61574
52851
33042
9742
62421
50522
60258
6634
21421
63216
24375
40386
55000
36883
41434
52920
50110
2311
14542
21006
20112
47906
8911
39442
30316
42829
61354
4120
38093
20103
43099
31657
57516
42844
11031
3995
56320
29256
23869
11210
34657
46806
35075
37510
751
26534
15346
48473
56160
75
57192
29236
49705
3201
47883
25661
56295
6514
57148
27421
40657
62209
62070
23700
20453
494
56084
63466
52090
18889
56124
10833
53822
58137
65448
34957
36872
38644
11585
41802
17813
23372
54026
59128
37695
27722
7310
57162
41806
472
32764
60796
50892
30065
17900
18397
60679
13652
35949
30306
31470
36358
63030
60425
19900
49073
26365
56057
53619
37112
9484
38233
49397
51131
42042
6112
61824
52614
23351
5313
24837
62259
31418
62640
42291
59551
1463
5733
62832
43509
35363
64088
41225
40546
43070
24768
25726
63491
26446
57927
31002
56685
46888
58908
38630
44267
6206
44355
39732
25246
22028
24605
39802
1881
41871
58274
40289
6866
13737
57814
58171
14570
51709
46909
22294
45689
28550
59421
39248
14870
25176
875
61315
60204
43829
13288
7710
13984
56363
27584
23023
16394
16686
30405
14739
51864
56245
36798
42674
29101
62832
13654
7934
38848
22585
20803
37205
43737
1350
64636
58755
6752
1841
39887
21352
39244
39137
6412
31795
25527
33479
51517
27616
63911
5058
29482
61890
20394
30025
53351
32492
27768
34991
45773
54102
58815
33936
36569
15034
5747
17195
42283
64084
16206
19887
61092
57597
46836
45873
15225
64154
54255
59378
17081
60153
5615
45580
16831
43746
63684
13784
61219
47708
18529
42758
59962
44459
65223
48312
6956
27212
49109
24324
64549
6915
29236
60141
39328
16466
40241
23028
62578
18764
937
56325
2475
27313
1833
36063
36696
33636
50144
14799
65486
30017
53090
9734
26299
45578
42419
22708
27251
5343
4307
45995
45992
47020
15470
28541
9128
19837
43748
54015
16382
39470
392
57962
25361
22590
27702
3281
30899
674
14422
21486
18123
27263
21644
45639
20389
7997
51658
23295
32643
25204
10241
228
42840
57978
36541
40526
17958
54394
9003
6073
24274
2455
58839
61884
45002
31510
22122
14186
29257
59781
17849
32069
22570
46043
55514
33870
31130
28426
18404
10493
49882
2047
49067
25771
41595
40265
32964
48319
58161
39677
54618
23023
18646
15507
56964
41745
62499
53769
54705
48110
36300
62884
40765
50416
5117
62066
28229
51132
39367
8101
49468
37691
359
52060
18025
56349
31631
60408
40322
9049
37955
51227
15776
28789
10438
44422
12642
57913
25702
36011
11128
32465
45501
8322
51372
22282
8371
36177
144
53412
59628
58929
31022
57972
58995
16622
11463
8597
17536
27709
40547
38945
57656
47266
3322
59958
35644
59380
61457
36112
47847
20069
29164
10098
62952
37618
52419
20585
32447
58796
11602
33922
12224
26830
16208
53264
48774
4303
60398
19016
1521
14178
1595
30315
64427
23098
37994
18308
54015
8361
22340
51918
233
37313
56812
52755
32772
30900
18530
24563
4273
43467
587
56675
7509
47670
14061
480
54129
34010
23273
9743
38791
40908
26285
37224
56854
27183
62613
10495
27752
46774
32147
23500
1060
8102
45231
4289
28068
15345
43730
18080
14837
28732
17364
47224
31484
9707
22883
3958
26140
5755
27414
8012
37760
4603
10921
48992
16898
25691
22891
16047
32531
11369
34877
47368
31793
920
18049
42354
60479
31565
42763
15251
13960
35973
60789
65166
47117
40381
3037
59878
52488
15787
9058
4842
25285
64255
1607
42927
48173
56896
25596
14366
50119
12278
10704
57869
45387
4559
24149
17245
40973
47155
23792
52184
43061
7527
29525
37427
29636
31740
7375
25429
32057
7946
19021
16978
51964
64695
5558
23188
35646
40718
17079
54597
41564
50041
22463
8987
20674
39462
37725
20893
45236
31852
50487
11468
37748
57196
16628
40584
61655
46145
2349
28200
23741
13630
18899
31285
37150
61695
65111
21842
42458
20682
6120
33052
56907
12535
55306
25033
36969
22837
6999
48465
50352
49688
43925
17915
36179
10752
52686
21726
52597
26549
2856
30720
50095
24612
55775
5080
61885
53350
62150
16687
491
60874
4965
20738
63836
59784
51660
33641
45175
4974
54052
18019
28141
7586
11841
53932
25118
18994
10789
16469
25540
33614
41356
1517
33489
15697
34062
8362
18480
8569
33649
7644
56531
54952
31270
34880
58796
11253
33931
48591
64605
1253
10478
47814
12738
21925
34810
17989
16307
18500
2498
34538
39434
62143
57938
29429
51180
6007
32156
57470
8237
15972
19600
15750
60806
36259
18773
50570
52042
15
13574
55409
49223
18877
35222
35239
14880
14429
30855
56837
8708
26319
13975
28749
6796
18173
29691
7549
60043
29694
27151
1526
11645
26448
10511
43523
17071
57893
7914
8204
24537
39069
41752
16010
31388
24563
62633
4882
26371
16109
33632
1401
47763
21262
6143
44456
54227
28524
22631
48759
271
2122
25623
23830
46545
12896
5401
41041
47401
32768
56270
32248
36415
59339
18552
3142
64882
41690
52516
59493
11509
23783
29579
59146
44493
20011
40398
50550
38679
22476
54130
31849
42981
26361
38334
25264
6048
58238
50265
44156
21968
29704
5436
48332
39424
42544
24346
55431
36917
55834
2477
31907
46894
9015
13467
40489
49781
22759
24763
15018
15028
58444
21242
24235
61314
10418
57034
5554
50495
20342
43721
24556
86
7438
10920
27708
24832
49122
60140
47465
2450
35685
64984
19108
19175
46388
2298
58440
53050
46577
40154
41692
37345
56033
3548
28511
2164
37339
19735
29104
55686
36072
47631
39826
51712
2260
48614
5723
44015
46583
17971
43635
34935
39449
55569
49636
43092
51192
64480
23
10826
44610
12716
25230
9551
32705
37327
60496
49094
36533
54182
11815
14651
5634
48479
50875
53178
57622
37816
3651
65068
30055
44771
52297
8027
23029
1960
4859
16130
33190
20649
13523
55604
41187
38437
25199
14947
14237
2656
20616
9347
13316
21105
55685
22915
35078
56232
56273
52209
19932
51643
46872
64455
23216
41385
28282
55555
61560
17123
44744
24659
22544
27711
34982
61482
39101
27329
59275
25098
56090
41657
13157
27100
32741
23012
22802
47325
14577
40696
5251
58945
15709
20830
34920
4498
62645
26103
58403
57696
40149
62378
35366
7250
14740
10085
33981
46555
37420
16862
4192
25327
28957
61702
4590
59281
37366
29275
26806
45446
33073
31644
32917
42001
23667
59845
55285
25256
9946
34055
65075
42152
45578
14663
60046
10327
57690
63052
28872
42646
26977
39052
4362
15101
56031
20217
7152
52410
65470
48120
29948
27610
28927
8606
62842
7686
56545
58050
23576
28003
27887
33766
44375
5626
31567
52958
22539
57461
2218
58356
12731
51824
32679
46883
42359
58502
21669
54100
40033
49863
52342
7835
35442
2524
18423
16166
59551
61949
36144
16269
15027
46767
39902
35189
50993
57845
62019
31945
19835
64539
35838
3282
20524
19784
32216
31185
11160
31671
17321
9150
7996
39240
49284
55118
17091
1195
25132
39552
15976
39610
6748
36312
36769
23650
29348
45212
57864
19651
63157
8065
53210
62242
26070
61402
33639
22966
61431
14080
11187
24934
13399
51349
12027
3976
28676
46084
14782
9141
32262
52526
44485
34206
65252
58241
2037
47511
59685
30107
9825
44888
39734
49026
23293
33516
50173
14090
62063
22601
12427
37869
43498
53558
51390
38341
775
12436
46620
35942
43751
63972
20117
49953
58342
2794
33803
39021
19177
3704
4232
26466
55913
57969
13647
3893
18682
39101
41152
36181
23992
61306
38532
61759
63204
15497
10087
46106
9465
42117
39201
50887
48896
3828
5853
38126
19391
12936
38706
35358
44519
40583
18068
52409
5452
18365
22482
28972
61445
19502
4590
13593
54566
37516
30701
3238
50335
45957
49465
1685
63594
30193
60664
53477
53920
7414
55717
23271
3802
8639
55442
40419
26843
53403
22130
20608
18086
34051
54924
8601
61266
56131
52241
43334
14886
21203
35069
31732
13212
32533
7855
13215
48954
4673
51324
62163
30541
13252
33304
34136
38599
58058
44427
1333
22263
10648
16184
46327
43327
35401
21164
52210
34844
18007
51196
40168
13085
28905
39946
23424
54008
26371
14783
54487
40001
38242
4786
38615
60640
47991
6105
21033
39363
60714
8936
24487
57049
54603
41061
40495
53176
41659
25004
18056
21148
39273
58262
61076
54144
13772
7270
23195
64190
3817
40950
40225
5598
52751
23763
61977
27633
26714
60221
48314
2639
64920
37143
21498
38244
56326
10597
36080
16597
29702
14090
3112
40088
56765
42194
11079
49938
2441
58479
43483
8678
62637
33145
6060
51411
14892
3955
11199
29028
19530
54075
5769
33612
60600
60563
58047
29114
64517
15583
55288
12169
51858
12240
6226
27276
50230
14717
62715
24805
48983
4052
172
41974
56341
15407
18864
17827
36313
8284
29702
63889
22347
34613
48012
36564
32313
37987
4605
26138
2954
14702
24685
28562
12940
14751
50520
19005
28088
396
20847
15748
60434
44343
39111
51823
43839
45047
62822
12742
19270
54038
14687
15878
59561
23305
43414
34065
31496
46286
34719
59339
29983
33536
57857
49192
46659
6779
13438
7393
38825
9643
40801
2627
33808
32712
13693
9837
2284
17628
54091
52792
24226
7852
62150
38016
62654
61659
44987
21088
31053
20019
31854
4962
49299
734
3259
33453
39924
52145
45048
30972
61394
25288
21024
38198
19577
43035
3831
24969
6918
30133
29931
49073
59814
15255
4649
41742
55940
12857
46424
30246
49354
51195
25715
45993
11911
63036
10867
32401
24212
40046
53639
31015
29632
28891
55480
13887
44900
12482
27460
4378
23063
29201
3638
27024
24743
14539
59032
24
37014
61897
41722
1118
60152
42646
23955
22932
34032
17171
44843
11938
33225
55421
29949
37860
52632
22795
31659
64942
46184
17482
46696
35524
36728
63907
16430
10400
63573
307
32513
64330
42345
14415
39466
354
2859
51667
38504
23944
56124
15494
32866
30473
10968
6557
56198
50306
52381
57089
56113
65143
14161
13494
35293
48020
47609
55886
45906
38537
46412
32864
62870
45253
17833
32683
8716
37193
46929
33947
56518
61468
46603
27407
56183
20445
2271
11811
28136
43045
53185
8775
2567
52347
26171
59254
53641
61298
22453
29565
17987
33049
951
7341
14744
23446
27004
10918
62400
26290
52993
60234
65493
34856
31586
7829
17211
1481
32353
34333
1397
20397
11240
23256
61869
39882
30443
42114
21329
16913
48622
54865
4347
56719
7396
45724
38717
8233
17894
39690
1664
52209
7545
25356
4153
59210
34605
27781
46469
8534
26752
1047
24819
34480
47822
37225
24896
12332
31575
31354
13788
23193
7639
29691
63937
13471
17774
57569
32435
44700
31843
37712
43279
37072
14094
61556
43339
45194
20610
60801
41899
48974
15275
4550
12428
19186
61826
13715
22102
38038
33902
28520
39569
60067
30048
61360
32995
13418
55422
14233
55833
54601
44795
11702
54923
49214
16936
23702
6863
1972
25686
8063
42089
61319
44207
12513
37024
7664
13057
27161
24711
48376
821
10973
18334
10474
8767
40819
17198
46726
37321
60956
1442
26033
41124
22683
32828
25847
62610
50121
65113
28006
7994
46722
5049
36269
37228
48082
33388
153
26976
13011
5552
2301
1861
2299
54869
8100
23496
12534
13857
21947
54417
49176
8565
34055
58095
4995
28598
14939
40560
46171
24637
316
32569
15348
19839
38461
49540
16416
47951
25882
39697
51873
65004
65007
10135
60790
17060
61843
7199
28131
59054
15883
44126
52491
8939
28276
40708
50619
49964
15277
15055
7752
8850
18576
41675
28532
45256
20818
43845
48471
55185
59206
44031
53562
1823
48316
34931
29557
50865
19557
13014
10219
5448
63820
52231
29016
59769
22945
54321
45586
36539
53613
53932
59486
14560
41024
50683
8455
25412
64542
12987
60518
64766
22574
33374
18760
20755
261
26910
46722
27474
39287
26808
24385
43016
41240
28330
1353
3905
26033
50203
50273
43522
20085
53789
63819
35334
58044
58155
28050
17171
44830
40616
57317
20312
20350
1208
27052
13108
42727
61183
18093
22744
26544
35813
51226
35264
29832
58843
26689
56967
45868
32315
35031
24228
39901
13371
15263
46235
6411
65202
21552
11311
7953
20160
44949
56373
12969
62920
57479
55266
12825
16492
40039
5243
40628
54507
11196
22755
36199
1074
62663
33093
56975
64218
1396
43513
36782
12525
54662
10089
21833
6751
3278
54201
60931
58788
60225
9859
35476
8223
2444
64478
25040
33313
37674
31861
33918
42128
39200
64872
20909
14135
51475
23377
38304
51876
29618
49948
31319
16038
26028
20274
19667
46027
48062
27691
41212
35633
63108
24832
23414
14582
33963
51944
56625
10748
28208
33783
30270
25311
2511
56249
45722
32871
65435
4613
28355
16655
29801
64132
49416
62890
4197
58614
57104
56925
34460
65344
23163
23108
55107
49960
16481
34029
40538
17303
61903
31660
8666
40481
3886
40453
42902
14911
5286
41634
61079
17234
51033
23177
32932
52486
16387
41033
46818
56351
35189
19679
14027
47790
50565
31870
35488
48784
26569
65532
61007
19604
46500
9103
41915
1783
19399
64709
35359
16954
30873
36414
20460
39364
1011
327
51261
35423
24003
51996
5906
19777
3352
39990
35872
63640
46362
12220
2042
57830
53644
27199
52642
46001
6171
56136
11259
44017
45067
59471
39736
43633
26941
52685
4841
16581
56687
44268
23104
14440
32202
24322
20764
41138
32396
37994
63896
61214
3236
23692
28558
30523
16404
35508
49615
33212
45338
4249
54432
12657
45070
13879
53462
40244
42776
10936
15301
31905
51385
16145
14468
19077
21013
23043
42765
28316
63978
29446
36363
8021
10915
59921
10108
24899
55942
48589
3692
39065
43239
40835
40154
64969
49443
8408
48594
25430
46691
29697
32932
47593
24133
65234
55131
49004
7042
5683
32353
46680
10744
3311
54817
12756
55752
823
59990
14646
63315
25060
12279
19388
7688
9078
6390
1119
10900
38005
55575
42789
39347
10078
208
28839
32428
8118
56988
9052
45543
40509
47790
7149
51636
52888
54064
11484
62491
61139
31247
53549
23005
2921
13519
14459
52934
46662
56071
7910
25841
55393
16764
10606
47000
18087
6180
48083
61147
17208
36377
25758
39044
47785
46736
61523
29196
64257
29400
33673
9441
8540
40059
13258
7280
64008
4694
10403
20400
26171
41002
11787
61864
7529
2730
54229
39249
61419
52764
24310
42259
60719
61473
35917
15709
26514
36325
53347
33298
54824
18955
47414
57018
2628
14952
31489
38606
12034
4772
5824
55354
38064
43774
56166
37961
47793
43921
5742
32964
20867
22312
39890
50396
15821
19772
45989
32985
58194
40559
21426
59015
41540
55958
14446
5353
37378
51851
51632
42706
28891
63811
35449
26101
43737
45050
48450
18697
31657
27170
59159
26035
24272
30555
24911
62440
3847
41998
53741
28357
365
19401
49186
50535
27159
28947
12749
34240
7777
50786
24011
6584
54186
51128
46521
64048
56718
50833
62129
27152
40971
28769
33944
36630
41352
37666
35395
17430
54317
1417
62063
1487
7994
28196
7767
26939
11313
28803
29226
19186
61201
41418
9023
38101
3745
38050
41539
23863
46806
21305
25542
2670
51340
58813
3288
52622
57322
977
27999
59023
64771
21652
15077
52690
57313
146
54166
37205
42881
6321
42053
27808
10092
36639
42554
64730
30439
30456
35315
26250
14944
9456
27619
48145
51431
2857
58602
51374
17891
191
47845
23529
22530
10727
55054
10415
18958
22624
26815
18934
933
10416
47004
50901
18479
63317
16272
40125
29354
39927
45308
27730
10228
60622
16076
1148
33444
42565
61262
4328
44625
59489
37537
57062
2499
37732
45264
61089
26657
39402
19072
63504
32838
46265
35565
56258
31899
37586
21700
57034
9718
57446
45097
48813
56976
43800
27625
47433
11465
42957
13622
48883
23836
18995
13293
51462
65180
39321
44831
8894
13271
2167
12868
48889
3656
22205
41188
64799
15072
909
60769
41527
53618
41803
38823
33968
16437
58475
41337
22148
53487
52878
25777
3129
51149
34599
57114
33802
13981
12400
32116
22809
11156
65175
46056
18170
50119
5104
53306
18758
39534
14953
6850
12796
17337
1250
23180
37088
55571
1206
59714
20425
33068
8552
23656
30385
45567
1982
43383
56904
6327
44725
64484
39943
48690
20516
41359
27004
31984
7509
43127
26496
33413
21579
8965
58239
58408
46563
46445
36396
60398
9962
3986
29327
60206
42320
37071
46455
1010
3632
58154
20922
54029
19967
40087
31157
1666
61539
4653
13972
62811
39531
32473
28948
33476
18644
48987
50125
17460
8485
33286
18455
49684
2878
58445
37709
38403
23019
4994
32012
35574
16163
30862
22706
8882
37033
8034
18115
24207
28589
21267
2768
49120
9151
40787
25059
63726
57544
28664
44281
9819
40378
20527
45494
1527
52108
54623
17596
38265
269
1478
56097
43078
23098
25461
58081
1050
13402
42668
15634
17864
10610
44397
62001
16900
32372
31445
2287
13009
36649
19456
22729
1151
22707
20743
54743
46521
5951
34732
2035
24611
55995
50652
64651
2021
42223
25750
32459
29992
47478
17696
43704
60801
35852
3182
24153
32985
25660
11750
11932
9394
25401
794
9983
22760
29604
32986
12003
20316
32698
20268
25355
9252
14458
32240
54701
63137
43024
8387
61119
56667
14593
5851
30433
31716
39472
64215
62401
23568
36554
1051
56776
11650
47131
339
54282
14676
48664
53803
12539
27291
23945
5293
9114
7688
34726
5354
46679
29698
29572
34729
14159
40057
61309
17716
30621
34803
44103
56802
46743
54912
5737
23578
36716
5378
10865
25620
12672
27518
60619
62009
56226
10944
54187
54135
65131
28257
65348
11666
51814
42621
19542
55681
54812
10472
33454
61484
3920
36083
8736
47712
38289
56138
11862
53227
3727
39003
63124
52926
56073
64949
8105
12423
13839
10039
46265
30963
25265
20779
34319
9561
2181
26930
23933
16145
61175
45497
46059
3846
8104
37601
11863
2400
45601
24942
37819
11563
46563
47236
48717
50634
53011
54625
26885
11303
37298
27522
30214
44632
16470
37933
24721
15852
28951
8114
62670
62607
31760
1704
34187
31283
45359
51173
58203
25053
16838
24450
14316
44067
31775
59437
33978
12911
9882
46253
4337
52798
21706
8166
49458
24502
14651
25127
28478
28960
42639
7257
19175
3429
17888
31130
14582
40498
1327
17218
19246
63553
54410
39443
47914
16511
31874
7505
3576
9378
45385
53281
60359
25122
23667
58111
21954
8728
39242
62713
64461
64999
53792
62291
49042
8786
50334
19131
42479
912
11611
50235
36436
11512
58019
25194
59395
22584
29180
1008
41625
23901
46818
6948
10492
28058
48690
61117
34205
60856
64366
4418
28838
50278
56156
54958
18156
29557
35269
46226
62657
32934
2347
32600
16773
52175
14513
24416
62458
55969
3574
31602
25127
34670
54552
10280
38704
42266
30112
17762
18181
12792
48429
37029
43296
40362
46010
61077
27573
3302
39327
47964
52608
39402
35962
25485
18685
7507
23926
46409
21405
25525
26426
35733
33702
64327
58945
56538
37764
34695
32693
4494
61527
40662
64535
30926
39823
60040
32846
11612
45086
49469
48901
63797
41096
53723
36784
46403
35620
61637
34279
17874
15974
33113
44581
62117
21290
45700
8730
49272
40837
39370
8150
10511
50529
62976
43893
29565
64331
4390
26008
41936
52955
39609
43012
59757
26640
60105
52528
18893
38497
59856
61362
12427
62912
32335
12333
28758
36051
49867
26881
29347
41320
19238
7580
43007
7957
60366
48778
65165
63034
60102
62726
44822
15154
9694
39647
4448
2387
34237
10200
1872
2820
9934
16867
40442
54348
13541
37447
24078
3115
25426
20978
528
50380
49996
61250
16500
30964
8562
8947
61428
25797
17798
47238
22508
53322
37453
15844
2420
64591
35944
51226
15365
64109
25331
54516
61888
54086
63038
17004
36644
59570
4917
5587
45569
41073
43692
30043
10883
29171
19430
39861
52023
63707
54852
3384
6368
38670
13492
61089
14991
64556
2954
50306
7314
61015
43026
56295
29775
23372
38477
30254
44679
47996
1590
22652
24586
38579
28405
8681
24523
55750
42375
43386
38984
37963
52129
40049
49692
49044
55715
8196
49315
9170
53886
60098
28593
58813
5086
18155
60615
30599
39648
51216
46526
54122
51668
22407
58620
24557
47651
65533
39299
58495
31459
23883
53320
35281
2452
59546
23910
45057
36084
33368
36330
3891
57203
19403
26967
32397
58194
47559
37970
30020
32854
10522
3848
53518
8575
22216
1669
36708
59127
29615
56140
26997
26196
11306
55976
4819
51689
34951
21765
53079
53509
27608
46305
854
33303
14460
5478
16048
64048
47311
18296
199
50778
26007
16249
57021
22976
42494
59374
24084
59749
19911
37282
7110
33001
58413
15909
18370
14667
20878
24339
10345
30902
56990
38151
57580
62350
46512
53351
20095
37638
30732
55700
36444
41889
5266
57899
34944
887
58458
38234
21492
45611
11603
54962
46119
63687
51687
4694
9795
63448
610
30358
41938
48060
18742
42670
23208
255
8374
10388
27308
45752
46023
32588
4264
19787
49799
24889
31309
63725
44531
10579
41982
53411
13089
54180
27573
21049
57598
9756
21324
7926
35746
27685
29631
40884
17476
58770
5159
59442
52186
41811
47271
33788
36176
1122
42569
43080
42774
42714
49445
41372
15783
39754
49213
14120
12593
55218
56656
2803
43177
35590
57327
16048
58521
12496
3316
18187
8746
27877
34357
46766
18998
5271
27087
30981
29250
38697
12389
29356
38919
22410
49834
46930
64614
23367
24268
4464
30974
56534
35123
55684
51033
44424
59107
61545
31277
37393
28312
42522
54345
26766
6672
42625
51556
26007
33852
7986
21428
38700
42371
59117
58730
8390
1848
52787
46347
52277
4880
38058
5596
31867
34304
26680
46295
23757
34744
31846
22281
45854
41545
39611
17317
33123
53498
33927
23800
32798
52967
21450
35929
16170
13636
53915
21710
38088
19376
45686
58249
29493
56711
20157
12869
27260
40265
14199
20651
40756
132
24309
12245
12431
47918
12858
43088
11624
27491
27024
15981
15094
13859
60951
13418
58706
7941
57101
56457
62140
62957
42306
56056
6327
52698
4931
6618
23297
6680
50293
50471
16935
22324
28268
45248
32017
40446
51852
30623
24005
42216
2072
26563
7793
6559
45260
42864
11482
58421
62819
20554
9763
19866
26890
10602
11734
52139
16255
12891
41136
15982
34567
47178
60558
45296
45134
16784
54254
3039
14634
31717
30181
18466
4553
19914
15781
64495
50742
57320
8995
39897
36187
30932
36489
14905
15064
20628
6054
5085
7909
28373
65215
15274
28757
53335
14382
15491
10837
18952
37554
8363
4054
56903
33968
50068
61223
16117
204
30096
59882
52584
13604
60264
7924
17834
2138
13507
31532
18749
60578
13365
50231
28414
17461
3134
32316
7937
33818
23477
9211
24475
37409
47994
14326
48311
17280
7016
13364
45329
45075
62511
18432
42138
51985
35949
45178
8988
1310
47130
40978
18627
40543
48803
33533
29478
64013
31017
30024
57653
61608
24185
14316
253
22315
26000
37897
30399
59041
58067
62008
3914
56831
47994
55279
18116
33776
61907
41264
44838
19694
55009
48173
50325
31038
35294
38994
43117
8698
51981
6278
33035
56581
38751
26246
23612
38612
65296
7175
1079
48282
58150
51631
59343
29968
26111
8829
59374
53835
49106
26924
35960
60816
38011
37872
39456
8006
48501
51474
42334
9498
38290
59433
54108
19103
63181
53371
54161
22309
6387
9395
19626
45964
15846
61074
55417
32987
22661
18337
41621
41461
17494
17427
40696
62433
16801
49397
55426
17892
41126
7014
43839
53861
52972
17132
63785
10048
56053
58271
48889
42579
23863
44047
27414
43061
35467
20556
4853
17013
19886
26397
34675
16472
31479
49074
44886
30751
9187
13367
16717
43622
29307
33842
34714
14778
28778
5687
63399
61854
59068
48902
19339
7571
60726
11172
17974
38980
58657
64637
30175
55375
54764
11168
30512
18984
41012
56908
2291
29120
19467
16170
46508
15691
59768
52162
60016
38056
47413
46367
47961
19906
61062
59637
51609
1679
6808
25527
22710
64339
23683
13732
9973
52736
28592
35424
39770
10001
39076
2084
59017
4320
56220
15331
45672
52966
15786
59464
21742
3287
45242
60403
29025
38990
53735
13398
64852
15742
49394
44541
20107
21376
44507
116
32085
22706
11312
476
33912
55845
23848
57764
45126
38307
2220
48392
50514
43797
36550
6726
38949
8801
12964
57589
37113
19006
38668
23472
62891
22315
16696
51120
5389
28825
32356
53020
60856
34566
22120
57834
28622
18051
34566
62243
15656
50747
40454
1763
60783
28053
63449
55797
15218
2668
6073
40475
52712
28821
54575
33950
48186
30475
5581
18989
27571
28510
18090
20666
19934
30664
20837
51105
15384
57406
61425
47190
29608
12670
12802
47354
18619
36337
17216
19607
48358
1131
22974
62175
41974
12886
35928
36064
3146
20084
33336
20248
1411
56343
21543
9763
48275
51150
24386
48434
21942
49281
52967
22828
26189
53213
194
25413
36619
34599
11914
46791
51629
19629
27832
50718
4540
37276
30284
50232
41598
1649
38035
11852
17343
40903
3131
1618
39450
5511
15921
23259
17151
53501
52293
22039
14743
53943
18373
7796
27455
47345
36501
17028
49215
31132
43906
44675
19067
57153
16896
23662
11704
23308
23032
24775
16837
17414
25260
3570
40979
46413
42567
4270
25902
46633
49452
33800
52787
53591
46643
28004
12309
58555
10481
23319
23396
42972
33933
39712
18093
45426
36322
9998
40610
38616
59260
23296
38666
1507
13975
26102
55698
6371
55017
29813
25509
20700
54208
15340
9758
62689
58829
5443
4502
4162
24055
39418
8116
39267
42167
24116
53508
29706
37136
63680
28542
3421
32985
30796
62540
18393
17609
4437
8252
24413
26348
41652
58378
51448
30833
60387
59046
12621
7349
26087
47952
44327
9008
3424
14430
41053
37074
44522
47146
26131
31297
44294
3132
27064
10170
2045
29331
47939
23340
20166
21057
39553
41104
52627
16252
614
25738
25159
57811
55597
42615
14580
36597
15291
62451
45147
26517
46592
53064
5305
34020
50965
11575
11149
54274
59176
39708
35447
39891
62824
49232
31731
53315
32055
62384
12588
483
23983
46035
44674
46977
14114
52790
59555
55435
44556
2934
63478
10640
1411
65511
57052
49125
45629
33909
35398
56914
49149
37927
55801
35724
47171
63598
13974
54480
15757
6808
39684
20364
24782
16990
52556
16183
18925
58696
59652
59129
62022
17128
41109
63375
15347
55138
53264
22867
36626
19307
49800
42967
46452
10155
21270
46069
54011
44075
9274
45387
15071
21743
21536
25365
6511
18136
9225
27880
12356
60717
61233
25596
38943
40110
19596
28124
50197
4625
33647
15721
27541
24784
47283
914
64556
16338
48820
65363
58992
11964
15084
30688
1356
12727
41141
37033
31900
8244
40594
5798
51648
4852
21309
50905
33840
65167
53423
53176
12603
52950
44083
45234
49482
36823
9534
25054
9036
1684
49034
63478
38626
31790
28101
9017
51535
3766
33940
47479
8365
31281
26737
54492
2593
54654
46286
18077
47338
31910
51947
55703
31753
43601
47709
62650
18479
1808
58779
11801
27975
62086
38727
47810
31460
42103
56164
38243
58531
61163
61470
65173
5732
44821
36600
11892
38924
53978
49084
52132
2539
1509
16593
4716
36852
41062
56771
46905
46049
43216
53812
37349
56236
29052
1538
6772
31900
38012
33377
43603
14257
40309
7248
3694
47355
44691
19932
55022
60400
39787
1076
21131
26089
11213
49964
22576
62876
543
25440
9755
55498
62042
63054
48382
13099
48994
22611
32960
59721
56093
8766
2399
60069
54049
58995
39780
55122
56033
46833
36000
57500
51828
42165
46879
37634
19171
11199
36703
54562
54188
9933
37483
30809
20167
19099
8715
4870
14641
53211
45846
20361
10017
33649
21135
55073
11308
59079
45735
54641
47134
4179
33416
23836
7922
16253
60512
8727
32434
22344
13505
45445
36120
40970
5581
58588
1909
44763
44161
49743
21241
44050
20611
39240
58681
54477
20503
1192
36656
20364
15393
3628
25912
2819
2179
41177
64163
52078
57948
47850
8440
31930
14309
26381
63968
56084
21577
16361
52661
40915
33934
54902
5531
8577
21395
38576
10245
57892
29074
51208
27696
43849
47517
34331
52761
28046
17330
49094
14171
28715
50320
33091
1178
44272
13496
47551
21804
38661
3526
61539
33364
35988
43448
49609
1165
13808
11823
6472
53160
52141
35213
8963
60497
41498
53898
10907
32914
10446
22648
62276
30305
33722
28412
45988
17223
10147
27406
58685
15038
5342
46558
2489
48078
65104
6961
39648
19564
13171
38463
32512
15476
47536
47199
52078
54941
51017
60551
39983
56479
22600
41818
7189
8673
40979
12398
14295
65497
59974
56535
24472
5844
46579
31270
34398
24934
55577
43074
54704
34725
38963
9746
46910
59205
53123
47603
56070
18542
53270
44698
17774
49612
13335
13825
23253
53446
61424
5315
64491
21388
38416
52719
16001
25406
25449
63658
49841
832
38468
61389
57164
9719
51313
34869
36501
54267
11669
49626
57904
32268
29504
30229
10890
62685
44569
11210
22268
16640
23807
18473
25453
59094
39936
5248
35767
34330
25149
5218
41252
40024
10442
49568
24236
21550
36801
55217
26474
45291
64142
36669
63853
51086
12581
60788
26580
20776
29076
36674
32721
26511
23640
8182
40001
64533
62666
25646
45205
23069
62711
56129
6834
18651
28781
39976
23992
26200
40500
7095
13357
64314
39034
43287
65353
32843
61091
22596
64626
62446
14199
32166
21638
18289
30268
49880
14286
23507
2671
36516
33948
63942
47656
52147
22169
49367
54680
27929
50170
36080
24864
60005
44837
22591
62201
59279
29446
63921
13659
64380
20586
35741
51102
62612
45044
30216
3831
49493
28613
62446
62592
3452
18027
27403
57020
5598
54649
45150
33351
47096
27909
41753
46327
10225
12861
41052
11165
34896
36806
1159
32935
18790
57025
52983
42145
2572
41389
46046
44290
38450
9154
6916
39890
17286
9232
257
31261
20914
29758
30701
29311
35196
19549
65030
8298
40528
30286
10902
11301
48085
13826
10676
43043
25752
49259
28987
19108
43736
5141
13045
58778
44268
31771
53115
36865
16905
43593
48280
6515
53805
26346
46337
63171
38637
28528
31562
49068
18280
33984
16109
45664
48174
24822
45333
8949
711
50166
60516
22310
10036
14773
41142
35548
16321
23655
21373
36724
6993
2936
63478
46047
46145
2958
30777
45889
5331
64712
24004
20351
13419
5524
10594
30789
1309
3433
55011
14167
40106
18628
31194
38121
46
63044
2902
9634
18503
36946
52313
15098
10734
33147
22429
41626
64060
36015
10900
48484
47005
21847
26117
46672
54128
43601
860
61572
54433
24906
37019
36269
26112
47236
19620
29512
34932
56394
53864
65491
32105
25211
26075
19499
47000
32389
2633
16122
27186
30649
39813
41394
36630
48569
15186
29782
61308
18899
34
22966
36257
27057
37275
6828
11535
55135
8291
16554
14635
14779
25549
56245
1353
15889
21923
20999
8359
460
2829
192
40815
21421
53738
48890
56520
41935
22810
24680
27929
40129
27417
6561
13807
6252
15510
21856
21389
59481
21801
15744
39982
36199
17299
31287
48737
15269
41711
3145
9671
32045
9598
45883
63707
3292
5
29482
36548
60996
35110
50996
58329
10852
12529
28817
1648
65079
7124
51208
8685
30335
19707
29013
62357
3138
7889
52838
13779
60941
56073
1006
65349
57598
48248
28737
23327
28953
62732
49785
50048
59204
49958
46467
65415
14840
12188
54400
44741
40601
45059
767
8933
20268
13927
58696
11167
51375
50289
56857
62503
44224
41347
13810
60735
58911
54301
60026
16790
51140
65289
11676
5725
52079
49130
46999
15034
41757
3703
28672
48119
39529
55002
17200
52991
30826
7399
22319
5108
52114
3357
31728
27227
1833
15505
38903
5212
58111
22494
27404
41122
61170
25760
1291
16920
806
20169
50912
8521
47289
50143
46512
59334
29561
39503
25716
19764
51961
3613
13700
410
53381
24524
58082
45198
60101
65116
37917
1872
41857
55387
36
53776
35966
61972
29995
34151
10827
17878
10321
36283
62800
28030
18090
13342
14463
6715
26305
63751
52426
30227
29512
977
31661
48898
47294
15176
14075
19630
10575
36110
27568
14846
50632
37682
24040
38355
51866
45285
27580
31836
15487
29963
53412
55837
51716
58004
19897
56187
21168
9785
6824
40546
12927
5253
14319
38202
15098
31605
65465
9067
52632
30231
10233
30609
49921
27023
37881
19431
10297
65062
45629
60948
33132
14423
31476
49201
34516
27859
16354
53680
6436
58932
23009
25073
27419
18687
57480
8260
64224
59417
41599
27790
3290
24487
47046
52514
2976
10819
41586
36519
34830
62059
43584
50457
41228
28373
22806
59514
30351
3140
33365
42368
47448
37283
12567
26225
33872
23753
10871
30623
58501
58114
60097
46714
62757
5725
20496
30627
25354
59398
13060
989
30002
33463
35221
20493
51231
26547
5892
750
58644
21687
12271
40906
41067
14482
53703
8137
39113
43852
42295
36147
50776
18611
41877
7948
10960
24345
35172
704
64057
3342
13260
35015
13130
16775
55808
32253
59348
3918
36866
37784
50944
17621
57956
34429
42316
10424
15144
14
48083
4079
36772
54480
64192
29332
34458
12437
15505
28822
57115
11218
20931
64707
60960
60796
8270
51167
24452
5707
32883
33055
52058
27977
1394
40266
2386
5896
56176
37360
7184
10742
21473
13867
42392
5512
26168
1403
27444
36795
89
41002
3699
33834
28795
16948
27206
17182
60221
25646
39080
48589
35871
25901
32555
23322
29225
43360
40782
28798
44748
1197
53542
48919
61269
31336
10665
15274
59838
55666
40461
50431
34967
44121
6063
34449
32942
1067
21258
17869
30748
17829
64985
16898
35131
31749
64064
36581
34155
21158
9745
12013
23407
43609
39757
5141
46402
25417
23218
33624
18669
3296
15763
49035
56988
11583
35546
29453
33529
46458
13847
32979
4504
48495
32083
24332
32713
33485
13545
42214
1868
55939
62462
16705
49640
11735
28188
29792
10404
32948
25283
26687
35313
38366
60074
13990
28720
39790
11127
51787
31574
62723
50372
9587
17313
50652
50248
42828
40840
30440
3652
31572
26643
10763
60676
1745
3682
33888
53594
18828
63576
33378
33568
162
59756
48624
40926
63589
47522
43996
6049
7787
16107
57946
16229
49184
2320
37079
10091
23435
61405
12779
52728
17132
38979
30770
41500
19996
46592
4249
7349
25590
59180
38739
44100
27243
110
1018
46614
9443
270
50068
48392
37371
45700
58034
1975
28741
22668
24389
24292
1017
57443
64267
45646
57736
62730
42605
29361
21885
51994
54528
33390
9979
23467
9310
53426
16891
5624
11188
30111
16967
45428
15963
52681
16905
3518
32386
43097
26521
35979
44577
29188
35487
56146
25124
30077
41976
63937
60546
58653
24844
19833
29404
26479
24767
48009
22196
13491
60767
45530
63558
57891
16473
62939
17072
38573
6562
23471
8124
42575
32065
41005
47831
43095
20641
41285
1920
41231
64498
52480
7627
9285
16220
60678
63346
21880
41035
48921
23267
2745
35913
26255
28548
31387
34062
61166
23691
59054
56855
44531
57683
53784
2374
29191
17734
64606
32829
1464
52616
1784
34758
54986
64250
42158
54654
18978
49724
44676
3121
49291
39418
2060
26998
51973
56621
61959
11389
10249
31108
44011
61792
20788
65000
45416
15157
29998
17299
44515
30525
40709
51275
26554
15652
58942
60512
22327
19397
65191
24470
19492
14418
60638
46168
19483
37538
36464
11942
64534
17070
23606
32704
33682
65163
53209
42175
1320
34195
48287
55807
52353
48181
39834
58430
33435
59864
12799
32286
38052
18916
39375
9936
32927
52821
21156
23585
32866
17428
57879
28725
64534
26671
21754
26591
5011
43623
8127
51621
16789
15335
26484
3656
14217
45981
61806
47384
35901
37669
38027
8167
53214
4137
59589
64947
49560
13732
59816
20017
29690
31452
37898
44629
41364
49723
48665
58432
10841
24795
41432
63555
52494
6406
12762
55784
59509
58474
44944
64722
45860
50310
22359
27341
23995
26215
4907
33103
1227
23271
17667
54354
8601
54978
538
42532
53414
19012
23076
2941
24876
39517
49058
62132
52454
60265
36519
47500
38472
49696
53509
10628
51490
49680
7574
26056
136
51938
36332
54651
19696
35256
43827
3327
47730
61265
61900
29498
32334
16328
16122
50403
10859
33177
20707
57358
6380
9800
13728
45044
55909
18007
44386
30193
5489
52437
26889
43737
17843
37042
28251
50657
11035
50689
49733
20719
56714
41668
50248
11908
16724
16287
50473
21084
32057
5759
62285
40895
52676
15744
20624
29379
37952
63618
47364
2185
34311
247
56078
31408
10186
52949
52302
23081
35717
9559
9774
31511
20147
20064
21874
48868
2496
35131
42803
17858
14172
54719
42044
24681
64647
26945
41305
38907
34204
795
9838
7864
19282
25410
26636
49176
29475
55377
25965
25065
1237
24316
46311
37873
772
29772
38511
25672
54891
30109
6688
5077
27897
38646
51220
64959
12193
59609
20032
63121
47624
37853
42373
27955
60729
47882
60875
63489
40308
37738
48246
62452
8753
63332
62846
52081
2501
59228
17106
62048
17136
15822
54904
58001
27770
51385
8336
55149
62583
61659
6250
18827
36198
37282
10459
12426
47443
53785
31560
43317
17616
28114
29769
38360
42357
40993
60344
7431
41954
5594
47896
37073
17491
37892
23799
31586
28267
46247
62051
27326
53802
20944
16768
60917
35013
7709
61032
6510
7135
62944
29751
32117
61503
26973
52263
35975
48342
19498
53834
35442
60183
34669
50275
64923
9219
61606
2604
50881
44318
24608
49900
36848
56266
45189
52019
9387
45450
16935
43559
47074
48921
38564
2552
47691
43685
9839
11037
14739
1723
19161
57654
9180
25158
18615
42435
39335
21792
744
57946
51926
54275
7293
59622
18035
45631
51234
35747
14072
18454
1547
11387
22590
43672
16564
43765
29950
42479
58778
12879
15480
62238
4837
23200
28797
12870
50746
52030
59307
57818
22974
20356
13862
17220
55379
31728
34328
20375
51971
48791
2354
193
60419
59572
17628
56566
30904
64610
36617
35629
35741
44427
58925
14948
33011
35264
55103
1190
37326
20662
52213
40444
31251
43452
8056
19537
46865
1903
23885
54092
58530
11222
29434
39590
2109
3763
1874
44432
62457
11689
20050
18704
32381
3601
25426
65393
7290
22808
32343
25221
8253
20966
60344
3477
13386
40585
57226
58834
43070
16765
54144
14062
24386
45278
7345
9745
34416
44648
13932
10810
35802
52475
19881
46321
34338
15250
25508
54748
2023
4629
11814
42314
45090
13917
29254
7955
18615
27173
52791
37552
6915
59680
28664
3885
15305
13206
24039
56940
58490
23347
8590
28149
64391
9500
2024
37757
44809
48230
28213
31790
23190
62115
48410
17578
34445
1543
30288
39412
37245
60727
52218
65289
11735
26190
33710
8214
24237
26748
43721
11382
27143
59853
47935
46957
27284
33202
52115
48986
7335
60181
34707
37523
39229
55477
17886
41847
65293
52796
46970
23364
36634
259
12170
9239
27893
45179
39292
58010
33136
9450
11332
12906
54108
46812
53339
46093
28312
37539
7790
61044
38770
10220
55090
41855
56100
30845
37769
14048
11972
49850
52123
33672
37481
59449
30918
49550
5595
19315
28880
4525
34495
50486
65215
16344
65420
57461
26789
62037
15234
32137
11169
38996
16807
35831
23481
32774
22995
13770
30542
45877
48940
14239
44709
30782
17656
60355
25560
61952
18677
51019
16546
34615
43462
25803
7545
56075
58976
56834
59430
22791
44052
60761
50188
27622
24756
38721
39492
331
640
50882
39459
25546
62707
59664
20305
47910
15542
40362
31291
17516
6329
59186
58624
51436
10295
57750
29281
20223
42067
17995
24434
62549
25227
11283
12059
47022
40233
38537
53048
54290
16409
39493
21242
47975
8079
52042
47128
2724
9101
34698
43035
61701
55208
59364
21947
2922
49215
49482
36984
25831
62781
14949
13829
60511
22413
414
10444
52359
26624
14319
17558
64057
27362
4813
11700
11657
32689
36445
3272
39222
44355
16138
62825
53598
62042
32088
11853
1590
6885
934
52691
35623
57500
21103
47144
26515
34532
39858
6566
51277
4332
54750
38415
43165
58939
23076
39375
46826
45449
23942
64894
51045
31805
15378
51040
3362
22187
45799
1148
65301
23874
52337
8025
54889
43917
56312
44607
30402
8270
14281
3211
28940
16077
60013
35478
54541
40460
42913
6986
7216
49681
7102
59000
48006
18079
57898
16851
32561
23750
4242
3539
57640
55184
24935
22202
62497
19378
16373
34638
30995
54547
4796
56934
35351
61908
62396
18525
23027
56315
39255
5792
61007
50110
1613
51047
5524
32319
39905
20416
54305
20588
25179
25925
25196
59318
54760
28305
41527
38646
138
4686
565
18149
15431
21348
61062
10713
43673
40459
22296
21949
419
10783
3121
2401
47130
63752
13218
61082
39561
44840
16328
2864
26187
12591
32280
17812
23344
62069
33314
58350
64200
2858
24981
10796
59722
23382
10331
46275
40460
62691
19225
3674
42495
41021
26597
5245
32049
15331
9921
20533
17368
45084
25795
17455
57657
15424
53465
17065
50538
44778
53097
19524
9811
51696
47573
47079
54933
36081
15092
22485
50445
29564
7067
37351
63078
60137
61850
59581
1313
34151
47173
42509
13020
54557
57882
48461
44634
49179
53615
23685
20206
7166
18157
13365
51059
23922
3331
26861
13884
15129
50136
33827
10901
43274
36288
8770
11228
39736
27363
27205
50214
49809
1745
14535
26498
32623
17158
9077
42183
12388
30070
54274
2913
50689
279
23056
33052
15157
32626
4224
21722
51545
59164
56850
40167
10863
51368
34913
30961
44104
27595
11485
51608
51943
812
25275
65279
51586
55818
65343
13783
59489
8777
57589
45796
13246
61196
988
34941
42223
1917
49661
35526
61264
16017
26881
42297
53400
3588
59251
61458
11539
53126
46009
64133
3107
32719
26424
35610
9028
49387
10894
54154
56936
3084
24035
58358
42038
59845
26212
51477
40238
20278
63341
5948
62155
63088
41985
14198
15741
29660
50465
25734
30802
47745
3973
16243
35609
62155
15714
53241
21939
41555
7995
52377
54418
25678
56804
48367
17379
16477
39600
47077
48547
11893
61357
5740
10306
54289
55005
56664
1590
55587
18434
30019
36887
41725
42439
65402
1663
23614
3079
14794
48981
63158
51711
55015
53957
57612
20589
22515
42226
47606
52088
28475
30697
37210
44206
38396
2870
57631
17821
