32768
32768
32768
32768
32768
32768
32768
32768
32768
32768
32768
32768
32768
32768
32768
32768
32768
32768
32768
32768
32768
32768
32768
32768
32768
32768
32768
32768
32768
32768
32768
32768
32768
32768
32768
32768
32768
32768
32768
32768
32768
32768
32768
32768
32768
32768
32768
32768
32768
32768
32768
32768
32768
32768
32768
32768
32768
32768
32768
32768
32768
32768
32768
32768
32768
32768
32768
32768
32768
32768
32768
32768
32768
32768
32768
32768
32768
32768
32768
32768
32768
32768
32768
32768
32768
32768
32768
32768
32768
32768
32768
32768
32768
32768
32768
32768
32768
32768
32768
32768
32768
32768
32768
32768
32768
32768
32768
32768
32768
32768
32768
32768
32768
32768
32768
32768
32768
32768
32768
32768
32768
32768
32768
32768
32768
32768
32768
32768
32768
32768
32768
32768
32768
32768
32768
32768
32768
32768
32768
32768
32768
32768
32768
32768
32768
32768
32768
32768
32768
32768
65535
32768
32768
32768
32768
32768
32768
32768
32768
32768
32768
32768
32768
32768
32768
32768
32768
32768
32768
32768
32768
32768
32768
32768
32768
32768
32768
32768
32768
32768
32768
32768
32768
32768
32768
32768
32768
32768
32768
32768
32768
32768
32768
32768
32768
32768
32768
32768
32768
32768
32768
32768
32768
32768
32768
32768
32768
32768
32768
32768
32768
32768
32768
32768
32768
32768
32768
32768
32768
32768
32768
32768
32768
32768
32768
32768
32768
32768
32768
32768
32768
32768
32768
32768
32768
32768
32768
32768
32768
32768
32768
32768
32768
32768
32768
32768
32768
32768
32768
32768
32768
32768
32768
32768
32768
32768
32768
32768
32768
32768
32768
32768
32768
32768
32768
32768
32768
32768
32768
32768
32768
32768
32768
32768
32768
32768
32768
32768
32768
32768
32768
32768
32768
32768
32768
32768
32768
32768
32768
32768
32768
32768
32768
32768
32768
32768
32768
32768
32768
32768
32768
8433
8825
17011
28449
42441
22019
23190
10801
3476
7257
24353
64090
35812
11686
21205
60064
43432
39790
31632
43739
14977
39643
57480
5650
24769
45537
16462
45881
16909
54248
2740
11752
34381
46127
64012
32404
16848
65154
55094
51971
27180
57618
8580
51658
19058
259
62600
20146
14016
27950
63171
47048
12734
56188
43701
23749
20377
47406
15542
10708
43679
58114
14321
36169
57266
31614
40071
7858
56765
6204
56379
63947
54707
38106
18993
5032
26997
34843
47302
30500
39194
54898
3203
5931
2005
52623
39482
19685
53560
19988
37299
57993
44911
49047
44477
46362
21248
18305
1609
56342
46400
30032
29000
5179
23243
24826
28257
33836
21241
45545
8838
57691
40692
14642
55928
65054
38522
50105
48935
3949
13111
26291
63371
18114
6733
9800
39718
30896
18724
7481
34795
24224
48133
26080
50238
60043
18566
26887
47342
47169
5475
9761
13590
17428
36058
26867
32108
47417
12501
15533
65387
7029
22634
5189
58624
61579
42004
12616
9257
32133
19559
39347
54662
30263
40012
62267
47984
39733
25325
49904
21363
30527
61365
4716
56690
46912
26793
4361
10428
5434
32227
42660
5241
45915
13130
57945
6151
34139
61613
7316
51968
55803
30831
54798
1550
3157
7927
2305
6050
47254
21029
10498
56213
17591
1108
65371
52830
47933
5079
4899
51368
23662
23283
24759
36829
56966
62114
22200
46274
51764
16932
43116
62769
24230
64392
24947
51189
10554
58884
46434
56000
24171
19117
21828
42489
9512
50678
24179
40657
34797
9525
17670
38835
27907
11855
60825
32739
17326
11543
31778
64278
14870
46547
56448
38165
27227
61039
16809
43135
44150
56297
48455
63117
3668
37610
23
18179
1092
1073
9354
35512
34143
56524
22052
53741
19552
47893
11905
35883
50606
36860
33441
15451
36966
11969
47637
2381
53954
46139
29332
651
10711
18911
32437
31121
8985
15700
23444
6167
50011
64490
13734
37452
56232
23371
19952
5362
9462
59764
16646
34452
10188
43627
48565
11137
7046
60399
7957
61654
25026
48639
21540
32897
2536
54961
19814
48375
7526
63734
19646
34343
24862
49322
44773
60544
2786
46124
39257
61673
47523
17337
2809
64544
11577
13047
1472
62518
37787
11561
34520
53625
65261
31555
54368
17281
5083
64504
12392
42858
26875
17199
423
465
1780
55820
31401
12245
42703
51771
49583
37160
62641
32351
5502
61653
1286
34163
40942
12850
20837
16930
40169
39610
7522
17219
54432
44573
41618
55340
55442
36855
36967
16405
11459
27297
53232
34427
49213
49632
17331
4428
10033
47583
54324
22523
32921
23688
54333
51192
52085
33369
15431
12268
33277
33211
55216
28266
62794
1802
50116
4056
32483
64126
1408
59257
34951
44307
36724
41011
63238
40230
21353
51711
39664
3171
6376
4335
56040
13933
27719
5787
46046
7993
42756
24050
62979
43984
30301
58095
62590
44167
48271
8919
57905
31325
61715
51903
51346
60401
9249
2920
52487
54844
41172
3844
51859
37787
58868
24763
56765
63952
41844
40436
56092
43849
30579
39701
8649
31793
59820
64505
21361
40185
27879
58531
54740
25484
37390
57053
19481
28508
7012
2032
22981
13372
53955
1530
65512
45870
16907
3886
17719
47639
17933
9988
36446
21261
47135
43219
36441
41625
9108
45873
9780
5770
14947
58778
34051
44909
22060
56884
15101
21537
24416
43542
4292
40147
19625
52360
17961
61158
3054
1762
34572
34097
45096
26965
52867
30981
33135
64289
43138
54508
46526
20874
48890
31571
52786
54384
29843
31424
62651
49225
62205
2415
36740
55098
54029
56440
9704
15869
22437
64996
27729
27008
54019
8109
61136
41851
42611
13784
19599
41739
31547
31798
21672
45849
29503
32014
61288
20454
30108
61947
43655
23754
5831
39188
35702
34989
20375
12162
30220
55119
10722
36734
19359
49444
13462
47242
24110
30182
390
36065
60053
6094
19608
1441
2789
52468
32396
43603
24106
19
7957
16761
24263
28649
6076
62959
55098
63319
38297
30834
34243
681
33419
35189
24630
55296
1439
11960
37648
62869
27200
9420
8850
57789
49564
19761
17832
39946
60948
33547
25543
15966
15241
38823
45342
38790
9550
6282
22671
9077
2653
53423
27019
11809
32993
17778
32914
36389
37112
32295
15075
776
25232
51024
2056
27467
57655
31505
19073
34165
378
13735
16739
61194
16189
15441
17626
23003
60299
19668
56858
65230
37903
4482
14791
1286
36956
55810
47205
5920
2688
4084
4787
5665
42175
43081
27433
28709
37253
10773
31408
61435
47579
36918
53014
58232
29198
54453
30369
42907
44467
1532
30296
11528
977
58278
4307
51437
35937
30693
48243
51543
6240
5099
56779
32900
40607
130
55010
18233
12627
56451
48379
152
24882
2328
37020
49648
36292
43551
32539
27215
833
14902
37316
3818
57352
42184
1280
4523
34466
28653
35901
9591
26859
60785
37411
22976
51441
13363
20748
35100
46379
33892
51124
19384
31078
11025
6109
63415
43693
53889
41785
27182
31666
50892
40096
62798
54981
21063
5491
63963
50476
40353
3159
57397
38827
25254
15381
51019
36889
13789
9930
36980
25882
17240
38555
64506
19970
38974
57016
14516
36001
41864
30094
16942
44487
58100
54049
59113
41159
27389
24907
46597
47688
50381
48706
38386
54509
14045
35571
15289
54963
52907
31024
2013
25651
27599
49710
55021
13350
4145
50431
30153
40848
62458
34933
58179
60538
6563
45497
52861
15923
34737
3665
33056
65519
53651
50812
25395
46015
51158
50355
26100
53368
16965
46929
22449
8718
49462
55385
5849
15931
55005
51442
30493
4153
16148
41337
23551
23526
54347
36199
10113
27567
35411
12935
431
46468
62921
61350
19663
55579
24168
24392
55298
6011
23042
56638
681
32014
25951
50928
47854
28867
35970
15483
27194
8623
11696
17428
4612
44387
27597
28731
65018
9638
27867
47071
19993
614
7766
52157
22342
55674
52023
380
17370
39614
1685
17274
40526
20
46874
62719
58667
33119
42493
10473
2836
45267
31500
53866
29557
18312
49772
11316
32834
6585
38890
50731
53918
53833
5595
24160
39776
27054
26836
26581
61814
47607
39066
53018
63333
19041
57113
56848
8790
52990
62010
12379
3814
62902
26056
12277
38037
21706
45899
55213
54030
19668
9681
13636
65019
59930
17955
10538
37906
57741
15362
24332
30827
2521
226
17178
9758
41006
55286
41417
27516
16094
16030
43651
41430
57711
5395
51246
372
9840
13979
20134
43479
61644
12439
24897
45739
464
4334
31446
43862
16573
40729
52710
30493
15394
6582
37570
8663
53775
59508
26331
4061
38531
64837
51216
19213
64125
45198
58471
2086
34723
62140
52323
12346
6721
28159
5624
57134
53638
43055
50601
17068
22794
24104
47251
17601
1605
18617
13334
49481
36550
7248
42035
12883
9397
8115
10480
7473
17350
23245
3615
9682
35047
46518
21006
44043
1037
16931
33079
48874
29765
44938
24163
61375
4997
10123
10669
62946
2128
56029
8351
62684
58402
9833
26819
46212
9951
43336
9665
46820
63015
15753
46718
43498
370
21258
36873
58382
30487
62243
11169
15172
29989
50225
24000
39704
50416
51397
36270
36349
27004
8529
20359
59946
5643
45045
30692
29479
48862
25619
30354
63371
30875
12190
46423
8907
42757
41704
9297
52259
36403
3504
10851
61882
58051
8540
32615
8234
55296
5005
1442
18428
57641
28644
56603
63600
44301
37298
10276
35407
40313
63108
41384
48533
38704
29005
59783
36099
6876
47448
58431
44489
56335
16161
22148
60479
669
42563
22203
40648
44692
33090
19501
46185
8942
42173
42447
41581
5935
49630
20728
40257
25139
62675
59634
53670
22160
43806
21164
11704
35823
16112
52350
38227
30587
965
4176
22388
4736
15203
8647
6990
40838
33900
47301
58275
36137
19786
55878
56148
17053
21966
60736
19471
46365
9669
42118
16410
47905
35882
26471
24045
7501
10782
45075
54642
60646
54877
9064
24096
57996
21320
56701
30480
51454
2675
22168
47533
51809
34453
49516
42106
32135
29247
11558
5693
31380
40658
15383
26933
15358
53773
39727
52300
8632
24194
54376
55567
14098
65413
19753
11067
55078
34148
54730
14226
62340
51191
52722
39324
46032
1290
37235
3645
32970
5228
4595
54204
55202
59125
5053
792
17177
21906
56089
42525
39596
38119
24092
3963
62593
55535
51215
60381
14008
1113
27129
56137
64725
4318
6043
29071
40655
33268
37106
52636
53771
11902
60613
32278
28739
43856
34628
25395
37011
42212
27507
62294
42350
42598
59933
22853
42099
19968
27077
65022
36999
51367
2777
28609
53722
63167
37532
10211
6469
42113
56866
19439
64661
45617
40941
23059
3332
8338
30499
6930
18034
6535
44115
55902
41319
33875
21551
63778
26188
3550
28546
12127
21508
19844
37177
34061
6938
15094
35687
60429
8509
35832
54387
57036
34377
26506
12939
49881
26062
48172
29600
11913
44366
49827
62446
47719
51330
59254
31904
12064
42153
48759
60231
63883
27959
7065
47219
25666
51568
19483
2330
5849
60815
52650
51976
31605
36770
57402
22109
7260
30459
42751
10095
39205
4363
34922
2674
63560
60963
16560
18350
2708
27190
19453
49990
31331
34929
42032
12839
1252
12712
43146
18195
36208
34100
5310
14042
19892
45517
7920
22132
16116
23671
19316
61976
52167
39616
29230
21863
64482
37424
46196
11439
3418
21535
11715
15904
2832
45983
43062
46723
39990
5201
44983
32219
62993
7700
32309
39690
2590
54831
64312
18571
13539
59479
52619
50752
36287
26049
11094
272
39804
17348
45034
55307
6707
14075
33314
7422
25898
34321
12037
64581
56379
50704
27820
58547
39964
46299
47048
43118
40752
44797
41257
1028
17718
48930
23475
3010
28344
35657
54716
11046
61726
4798
26156
50681
47077
16078
15102
64099
20292
56598
22189
49423
16026
41868
53346
37373
42013
41035
10259
36310
26130
30743
50958
5095
6418
7806
28366
17935
27409
17189
19287
9469
37598
5727
5608
25917
57507
6182
35337
27190
45431
32779
18902
7869
8507
16709
52911
46019
50996
31410
19058
3920
61560
4384
42353
43543
44094
14562
38073
13289
64243
37604
64808
37141
38763
56743
3003
29616
38593
35878
40414
4709
52181
53230
24089
41938
60396
58186
4609
48378
56759
51775
8856
27681
693
62366
60242
34700
48300
57959
38804
24234
35017
17057
25004
36114
25904
35995
31320
672
46244
6850
41451
33483
39461
59810
15927
52438
18504
4462
57473
1325
64905
25334
39599
9455
12729
12775
64798
23240
32951
52357
39833
55982
33911
36395
61924
12185
38352
44970
43763
7773
27432
9292
1463
58437
46790
6179
23897
48929
47917
50796
53843
3257
63997
48279
63377
9137
51724
46982
35234
15486
26714
47555
53217
59927
14062
5423
11601
32893
38645
28249
62012
56140
50008
43108
8025
61584
56348
14882
17992
10704
59347
56698
42728
64038
41599
52780
26283
9225
47765
20054
38783
22106
7741
46840
28790
8506
23791
12120
33842
54728
38699
60532
4448
48512
55262
14275
22337
50559
10390
9328
32355
54811
59638
61543
49192
41115
55979
24546
9559
39528
30539
19459
46922
45969
19213
29510
11666
9113
5724
7828
2764
47128
23504
43734
56580
55863
50045
56971
54510
37815
18403
34008
43102
13151
31743
42388
55696
6005
38203
20068
43772
35909
15389
23740
31139
40596
55586
15687
44704
37497
33710
46687
27096
2580
7656
43585
25559
12618
12204
25837
11358
48849
48237
39509
63068
680
7921
11243
10763
64934
55859
7809
51524
40966
993
13530
27280
44471
16718
4997
42474
21933
31796
36675
12775
58104
17789
8017
558
42132
61128
7103
12639
55169
6030
28796
8439
21161
54546
2341
65000
35613
48243
50238
40092
29735
65112
22135
28697
25972
19590
30160
63598
27727
48698
64462
1157
44733
18973
5413
61567
348
31414
2460
53340
40666
13102
56236
55948
53715
59727
13540
24764
7107
28210
3791
19470
43880
54850
49696
55525
11329
17269
4868
47362
43123
10244
1454
7462
39121
4373
32407
65301
28878
53834
22699
41785
46998
24392
35076
4823
10496
33350
42604
31177
47333
57597
23116
650
40729
49499
105
19175
45772
59828
48780
54084
58803
23839
43688
26412
334
48104
56376
22074
18239
28810
439
63877
43204
13973
31178
25103
17953
63906
21802
2747
40244
27056
6059
19648
34915
21834
62342
35193
20850
35882
49595
28469
58088
2104
46366
47096
49238
46956
191
45224
47891
18899
38197
10359
63365
34891
1302
32518
14603
23597
41514
36531
31338
2947
7680
4095
45871
9735
31078
30222
20922
34958
51864
12235
25514
59055
58364
10755
4192
7539
59182
14394
60890
61385
62404
14364
53689
48321
35753
17285
13835
21846
22127
30518
49241
360
50216
9010
25449
51044
29705
9613
42867
4513
55551
25644
57219
21369
40917
33046
44485
39576
15963
2961
4122
41970
5583
952
62512
5597
50546
38234
48766
1173
48933
48365
43140
46835
39701
1164
21183
49251
2547
61384
35182
30440
137
44041
32650
45863
15036
41892
3454
54474
41610
44844
49184
58571
27023
60831
48905
30383
38182
17620
1574
61062
59686
48346
43960
36597
47173
14739
21032
55920
63423
64464
7368
52047
58469
44947
4503
12222
41571
64745
48307
16333
54368
20911
60278
16200
11440
3331
38707
16833
27588
43081
63677
8283
36762
65485
36423
64894
40083
27158
30559
48548
54147
36402
30469
44493
31099
37215
1073
1280
47230
23750
43865
10682
37257
57416
58160
16017
17207
4802
58
58762
18170
33877
49968
35060
33126
61294
30183
47541
28683
45275
39204
5061
40920
63575
32144
6641
15709
60718
27484
37948
34006
61430
26527
17773
17332
14792
11884
46685
17480
49776
46126
44528
4887
43180
36471
51000
4159
64301
60344
40441
53426
14491
13148
16791
3316
9038
12800
16678
45019
11654
20250
5669
38313
35130
59975
30508
7354
41245
56490
28567
47957
16248
60507
25852
25265
29386
36024
55745
44907
22026
41333
50285
8418
15385
62632
53268
13964
17863
2913
62746
24156
5886
16024
367
42200
2603
6084
58926
8132
34444
45429
57118
60556
10204
12462
8218
43221
9153
46155
1685
59288
28287
60483
38210
10194
15056
15761
27481
6074
22370
13444
32994
7058
13475
59554
3127
33327
56414
31471
28158
42436
5263
58692
8632
56137
3437
36763
50266
51125
9687
33714
33238
14092
5484
20815
7114
1185
47980
21001
6577
10542
31817
9423
29311
27218
32675
49145
4719
11576
50430
13524
63409
53762
54936
52392
63026
22208
12189
51830
34452
57656
7558
60554
24900
57480
45904
57787
20527
4755
46984
19691
3730
34242
23237
639
36601
62477
58756
35450
24609
9798
1585
1329
55218
27029
56451
44846
43884
59095
48391
28780
19434
39104
45639
52873
9243
44497
25667
25338
60931
41220
48717
7769
10373
58570
10601
46300
16044
18970
55815
45892
41224
850
37479
13461
28941
22407
17139
13464
43475
26114
3341
10365
61864
12766
16650
26211
42466
19242
40988
44311
4371
13008
49653
22553
20196
5590
13809
3683
9556
53469
33993
45598
20625
40482
19747
47245
64551
1212
47192
18397
9279
53279
26439
27365
12983
7261
34205
36995
63721
35726
38515
60684
11828
46769
23216
22470
27263
35217
43211
32522
9154
1023
53339
36450
63744
52931
40213
32276
31385
44557
26003
53916
23864
28181
63754
22510
35521
31821
33353
8720
63833
54073
2864
10376
39133
6317
22179
11595
23407
60550
2304
28678
45798
51061
43103
63056
11747
54126
12238
9318
59781
59129
31271
57079
17987
15464
17220
65074
950
64336
40574
32345
14453
12765
50813
45726
39273
41409
7666
349
48961
25214
48374
47350
22969
59946
59442
4683
489
63160
37818
5233
17895
5998
23696
39682
11731
47090
29149
58133
8022
17000
34165
36378
39451
44042
11833
47240
45046
6349
46794
62440
21638
44684
53247
17852
34460
20133
63268
13638
31490
31215
50509
10658
22814
51338
25351
57976
14650
10592
5922
18075
5121
9308
57192
25164
41464
27976
22068
58561
54332
12358
57773
39093
20662
35711
15355
4898
3990
20423
10840
63837
56165
25170
29787
17208
5763
27681
2057
19202
19828
65038
1358
39823
2460
50648
49031
30676
37413
26732
57878
45446
290
44414
56552
34834
51250
65264
42653
42699
9296
55478
39182
48989
48594
19942
13514
11851
12599
23802
49913
14869
53688
7209
9653
49892
41892
32574
52011
62725
29153
5367
51261
24628
28483
38571
11815
9296
33657
3228
15556
37906
38494
5998
40535
62235
13478
23196
20832
35528
55186
30204
4804
6684
11216
57999
16235
42609
63663
61711
3385
52501
8752
57445
53771
20294
58885
25156
1829
51757
7767
40976
16431
29506
51870
30752
60850
45834
44608
51668
2667
30129
1329
14045
46383
30655
55375
21606
17549
16612
44914
24147
33451
64643
35497
43792
10975
17445
57172
63567
46873
35045
53981
60115
44179
61625
250
26456
16850
56798
54502
31794
54540
35674
44818
18822
5868
60929
30485
49546
56402
57254
47000
35913
13143
38503
12540
7211
24587
58477
17833
7511
52356
7315
41078
32042
21606
7024
44896
37862
54340
55023
24642
32798
53088
13453
56854
30845
43876
5961
6434
51556
47465
63148
55422
25701
64558
28735
63649
36966
41207
32549
10696
1383
23099
1906
52854
5257
24346
335
62655
8031
50180
58950
18639
21172
59599
54465
7255
58139
52411
26827
53841
19355
46178
24420
7639
56088
26957
57328
27134
40290
19342
6842
14468
1929
13814
34942
31953
463
2555
5058
21980
16247
16335
24050
42838
46424
59379
30059
35376
61798
58900
15131
22105
35187
11637
30208
23766
531
6221
44693
2952
21807
62020
20645
24785
9001
31308
3621
12059
501
59289
55280
40496
42791
14768
28753
33408
5678
3872
26541
37487
49465
33832
65444
3293
43198
44458
45684
6119
7514
61707
60573
34973
40780
54012
45564
14951
26007
27200
40998
41561
14088
5186
7730
33083
18407
22199
7176
50328
43837
1730
8708
34925
13047
49599
43522
57169
16305
17568
46649
3074
37521
56154
62956
51019
647
29544
19068
46944
36443
65146
16021
36129
43275
41569
63945
6451
36383
60258
9002
37447
23620
9301
23971
20724
35951
11068
35921
50169
24765
65166
50062
42082
9686
65189
15676
29444
18548
47053
23893
60360
28025
40800
53906
28146
18765
49468
43183
46692
29882
10541
65096
36249
55564
62410
9508
52186
57689
41861
15804
59447
28103
33921
12896
8500
44653
17189
31978
13281
46654
59786
62697
3816
23731
62880
34229
21060
2674
49930
47685
47318
57486
58172
48857
60512
25811
8429
52371
30642
8048
53454
17452
3026
26324
16846
17944
25671
58442
39924
3780
13115
30761
9425
27141
45025
42608
13291
44476
3015
44581
30437
62948
16869
9459
8832
860
1249
56934
10249
63307
43503
22913
51833
24954
34595
26552
31481
18907
14
27032
6548
21872
9537
55289
27468
21878
64704
33717
6109
34271
14824
22073
41597
38737
27110
58281
43431
15096
6048
44353
15717
20207
61767
42287
10396
57147
16340
45357
18458
56214
52468
18278
50297
12031
8953
39716
5629
49866
23923
4917
27701
42791
18221
59051
28605
42907
39683
61095
21335
36889
54592
43933
41698
29141
27392
61630
58880
15855
35937
29304
24846
37946
51076
8372
20597
27595
52243
28706
18528
36294
9925
12544
38778
35781
63958
65021
45089
38458
31141
18018
1077
32693
65496
11907
8935
35305
19351
41354
46078
60128
54276
35064
59568
7138
3027
28137
43826
5098
44045
32288
61162
59183
26630
27241
30688
25644
32648
37736
42936
40204
60336
63371
18578
16603
16647
26988
42192
23792
37380
7176
14071
25735
35080
59847
6882
39491
22048
23479
44446
56248
45986
47498
12772
11535
43151
49892
26500
20486
56046
39033
49012
5289
2376
14380
37630
43227
42569
11388
10682
62141
2501
10170
41054
16868
238
45065
42317
11419
24139
39022
16201
9006
43742
8117
28808
29768
24854
25729
8634
45775
15364
45284
60170
25805
65289
35125
37284
61315
43690
30827
12944
13212
21599
23296
13224
10041
18493
40736
43549
24380
44074
14400
2768
23538
7876
20012
30520
56996
62528
19939
55057
31524
23327
30933
32806
45136
24488
15424
59655
31568
29056
60930
2968
64688
20470
56737
6847
18409
11741
23790
3930
63656
32915
62603
58397
23529
36025
54010
55678
17495
52036
13618
58272
34449
28230
32184
55411
48850
43063
44939
24026
10027
28931
58704
47272
35885
47787
973
23455
46158
33437
44322
7992
9316
64693
42274
25182
41427
11189
46737
39607
30046
21063
26794
14487
43630
56789
15651
40298
42580
63616
46347
5459
51707
776
17981
52713
5050
41810
5800
58896
12439
49355
21663
52418
20289
5647
48383
58957
688
46417
797
54957
10550
39523
20468
21355
8973
16379
22950
61029
26237
9353
1901
43699
4785
38364
58382
35507
18240
2710
18098
48711
7991
61069
2108
64115
40722
5371
26674
27937
18186
36694
51608
25647
42146
31491
62106
57148
26121
37110
9035
49119
64316
15345
51931
26821
35203
36086
59376
35219
19101
35369
20767
14481
46866
25195
19751
55540
34906
22530
48456
45649
12339
16546
30176
48321
58856
40894
58836
62569
43293
59674
12981
42937
35213
61195
35628
45716
17451
63810
10353
50128
61615
53675
35250
31840
59311
19521
64873
25069
47360
6578
3775
61583
47300
30857
18577
22087
27954
13968
30344
19624
61035
43099
23792
40114
49976
9797
3805
8186
2943
45801
63265
17309
37898
62576
17835
59943
53942
39883
10211
17585
51511
28219
43078
2105
59072
59701
63559
38301
57594
49642
25665
13
57581
33723
57739
56816
53929
41705
6584
62434
56395
7436
54215
50980
9651
23441
6012
18451
8129
33622
4372
11675
41996
1703
60622
517
33343
40698
32233
19989
9514
42872
1707
25130
59069
31153
46136
27447
41073
12717
56039
39206
43702
1980
26020
44076
54750
39759
63732
6973
51173
38423
12250
42752
34104
1008
59603
64976
62024
52676
11397
34119
53356
19992
17668
1934
21184
31004
63832
28315
25638
8848
5335
44784
43167
36028
59613
13836
27623
53186
17285
10997
64718
24267
38118
1858
37578
23229
5767
21216
11934
31748
62742
55916
58964
62032
7791
22221
51328
28767
49170
19280
44522
25065
12427
62728
53656
47539
26236
63102
27644
13140
3999
33995
25819
33653
46520
24046
17132
13277
53069
22794
2219
20736
50439
21149
37897
44269
56901
36303
53769
60437
30433
4476
18158
39950
8493
22046
16102
54358
61077
7956
22028
55190
34646
30781
27268
31301
59106
12452
63502
37702
50774
64524
62881
19602
43646
43498
27215
16577
55624
41899
65362
62957
20471
64054
21616
36574
53438
7277
23921
60024
5985
47903
9833
46194
44534
33412
37646
11469
25895
15377
10977
50303
65124
22362
27475
32657
5902
31856
64853
15701
49731
65514
26991
2034
36735
1082
25093
52032
53801
725
373
30571
39715
4228
16574
65180
26108
30528
3634
29764
40470
20357
22351
22418
61988
21559
15153
6834
9562
20770
11201
8016
48889
53723
1206
46906
8908
25327
23266
64697
35703
2306
25616
34406
45703
47745
59594
54634
59223
47863
43833
64625
33851
44827
7501
52437
47997
22770
60285
25290
22066
8614
58748
25281
59405
61230
61715
12560
28491
36612
14126
33640
41151
46702
44665
46411
25566
29357
48406
1619
10663
10596
4311
25018
37947
4021
12125
64219
14973
30151
30030
11687
58012
7480
8222
57245
41086
46863
13323
16972
2060
47016
57834
19079
64321
36047
35768
38401
62543
19313
20726
25148
51214
32628
33572
47324
50230
63255
62509
22105
17834
8746
36598
58448
7951
30024
9534
1748
27511
19803
54076
44185
20750
18732
26256
11904
4575
42262
53469
55199
31362
43065
65482
16161
35313
47639
35759
31729
55090
54590
49969
15447
40447
42327
20180
40278
31448
59961
30309
6734
6900
2422
31370
2652
5065
1491
16813
48855
54539
3201
5071
62349
7899
51700
16683
61527
50418
40575
35378
28963
7008
12272
40849
18062
44015
8121
26586
4842
57991
15054
1060
56465
20993
6904
35706
2541
43658
26643
48771
39343
55508
21623
53256
34550
52600
48664
31619
15479
28168
21086
8131
48844
21196
4629
4562
56992
25432
62254
4067
36148
65161
38396
65241
35760
47736
64851
21
6909
59915
56983
35850
12921
36936
52400
1878
55676
41629
37242
43930
28214
26667
657
27464
64286
45346
19174
56429
58877
35885
48384
36871
64235
40595
21991
55556
53816
15706
5699
26466
46707
51062
62468
15249
42589
44458
3154
14264
10109
12849
6960
21678
39975
21190
47312
20905
12453
45989
48223
4464
47015
63990
19524
54762
11766
39282
48370
25180
25532
29269
12522
2167
7118
33808
21200
17150
44915
56599
1313
52643
37037
39838
65002
45419
53070
41992
8983
17353
44459
38117
45125
15415
12442
51791
17124
12652
47619
24800
52087
17140
10464
18785
12848
14498
53846
37515
37995
12113
40888
7488
65331
29265
55747
47936
57227
37335
4490
60889
52056
63778
9537
4501
11813
37660
40737
46634
52720
34258
63948
37985
12418
38841
28544
15269
54030
12120
49837
47022
55498
52859
8372
33670
62605
14141
54048
51375
18524
38454
6939
25880
18742
19344
39460
52780
5246
1809
7267
267
62393
22131
64432
55488
13755
59901
45057
29787
722
40615
20009
19875
33250
141
48252
35702
24754
60141
58690
21532
58802
43875
62418
3956
46426
5247
22637
59981
8452
56164
49843
27283
14545
64000
61259
48116
9394
65068
4363
28678
49739
13612
2158
8113
59485
19224
45048
38220
9965
11225
20107
37615
14985
401
2670
992
55867
43580
17677
55398
7842
15742
1061
54926
4818
6827
16360
16311
22319
58530
31616
35596
15060
16463
38505
61945
10942
15901
36381
20154
2593
28578
9559
42754
17894
4666
4537
2704
849
21943
64376
5517
1633
51276
56528
61127
1286
5974
58175
48563
48628
44513
127
50340
44877
15781
9279
28142
9704
38418
39478
31972
41722
45300
4516
59141
63562
12164
23430
1412
32158
58574
37401
59248
59682
46270
51805
2326
63301
16960
37241
55535
5470
27252
42187
46168
38475
11947
23564
52623
22059
4980
18447
19361
37284
43975
43205
30467
30835
24760
34079
34557
43567
35153
63237
52095
40160
43823
13725
17046
32636
25037
43929
3241
40903
20515
30633
38176
6775
146
7376
58864
40129
19261
47773
63898
26055
38244
9022
23957
17883
9450
1178
31273
49276
28357
38740
16390
57949
31615
2429
28396
42667
12434
8670
39550
49129
50767
8493
3946
51997
61696
25320
12098
51496
65367
3066
13423
8371
39147
14755
50769
39671
57439
33193
19622
30317
45457
13851
53588
12289
45114
21754
9689
1970
53511
46508
13604
46468
59657
12576
46936
17156
46320
54245
36901
13158
56703
35061
63582
18496
11013
2908
943
35311
14478
34822
13605
47216
29233
11988
23173
1147
25303
4075
63737
58867
41421
42784
2833
34818
63862
22785
37187
8697
8401
62438
14120
4482
50366
29434
63369
27759
27857
43950
47545
39393
63788
24561
757
34979
22971
43175
33433
47015
34653
14470
4120
2927
61302
44676
65142
22806
7567
39050
33597
64011
6092
31565
24045
52975
7480
65104
26839
16063
6405
42503
4772
3541
8646
57066
13555
2354
30085
10235
5214
26440
9795
20606
41203
36055
12702
15350
63877
15857
27069
41430
16629
46676
27056
58156
21050
42082
46401
64089
7561
38500
19362
57729
22430
9582
25102
14290
38567
25260
27787
40974
8106
23492
5177
32625
58585
20161
30877
21491
37411
1830
52436
3540
10744
2494
63716
42609
26789
303
65032
9512
48235
34237
40304
3176
12977
38757
26724
53197
48788
16258
62521
8817
2480
32228
52389
23276
12121
49192
7336
4522
11406
47246
63619
26075
37889
11858
33999
8964
46667
58747
760
10250
4902
60792
10845
65284
15266
38897
18794
21357
8102
15625
16001
18320
22046
27231
55931
43837
16983
58443
22788
24454
29891
21341
52924
56567
15200
43562
11783
36203
6032
35125
32731
62816
11236
51212
61076
20945
17902
14167
12828
58771
52953
47578
57861
24312
8465
3257
8012
35754
15056
7593
45712
64390
31798
21465
34679
39788
65362
16047
50973
51725
46698
61872
64441
56198
26289
19052
18146
26333
33976
48912
35423
502
15525
50966
3054
63690
6257
16160
32619
46777
3424
12166
64895
52494
10542
39308
51470
48396
16205
52546
52089
23104
27139
37397
65062
9775
42205
8496
63142
28782
57262
18459
17725
29331
50356
1890
22098
13430
41612
28891
46921
35958
28088
17710
32574
717
64321
50725
63184
54343
28890
32923
28772
18209
15154
1512
45608
31765
27318
37287
15655
36374
65
39151
31787
26584
30516
42216
19329
19649
13261
19602
37315
12312
39391
49799
48838
30482
27754
52125
25547
49929
2317
52082
6809
18160
30779
50832
52808
39327
2395
31780
11214
44082
21100
29141
42772
29083
15595
43942
5756
63298
53418
57071
18938
36777
56250
34344
37614
63243
48168
65169
58448
38644
54815
39556
35016
47862
58014
26490
35560
40155
43794
47333
31142
14766
34567
44538
24616
32632
61830
50309
12889
39106
55723
31583
61503
7861
34660
23092
24728
57053
6649
53686
48476
61515
10466
54299
56447
59729
19324
47118
30378
21324
54985
57153
40092
35767
48868
24726
4049
18900
33751
26429
62190
2886
15534
53594
3257
6342
590
35592
32425
15168
47436
11647
40284
44250
59083
52607
28026
42574
25636
45105
50142
1826
33023
5366
11267
46371
22347
61553
26700
18038
62393
56508
23140
16653
37169
62399
25208
41523
19525
30090
54654
24574
48700
20731
20638
31156
31009
63578
15148
33571
37339
37451
30686
38528
9723
17569
6049
10120
19780
29044
16483
19619
6340
37930
42778
19862
48368
33357
20323
13228
409
21390
31804
26866
14477
10505
61324
27935
23683
39950
49117
41752
20884
43825
41820
10296
53880
8004
50322
45062
51764
56164
62247
32862
38917
48123
55668
31575
51068
19630
29233
32550
16054
49242
39672
26577
55558
53555
3862
45278
32575
1896
54253
49633
10936
58607
13389
49639
65503
13070
35642
15391
37449
48670
31182
17879
29637
22216
36977
15424
53988
48902
7340
38179
12330
45501
51262
65381
35398
5036
41970
34324
44742
60271
853
61151
46381
22573
28630
14215
39611
11188
41413
51256
39396
6600
48709
15901
22428
34947
34919
55959
52548
41115
60619
34525
53311
18113
13638
51930
51664
9305
36943
57075
56186
63043
15299
8970
14251
31058
42440
2546
19224
13226
29436
29679
15763
37402
58785
51610
1611
60097
39086
63294
57960
11317
59519
37185
52373
3164
9023
60350
16999
11002
49047
3254
16245
27397
2758
8693
46602
26592
14963
18567
35277
30150
20045
16541
54092
39360
28825
62507
56966
63913
24806
33491
50883
18025
59679
11869
51087
57725
21616
18581
34047
41036
14226
34995
64772
51650
33937
58210
45505
20203
54149
37938
28183
11925
53468
9403
47487
46730
47320
40880
23227
65429
9696
18350
36151
62896
12829
60371
41299
2770
20875
50122
13670
32115
37699
40444
5082
63940
35567
33168
989
56327
51427
38837
36598
30962
49396
60694
34023
48338
25316
53722
21390
21965
14494
50458
32380
6474
39945
65165
14470
26988
28860
65412
16285
9104
12112
22340
41617
51571
25868
45207
53478
7621
36205
21632
18271
16022
23918
53168
18307
54086
58834
38252
29257
35692
16244
28654
40194
59680
19652
27747
14759
40808
59310
17216
24147
5488
18189
6218
18714
63751
26053
56361
5097
6115
14161
4959
8438
43301
45953
43946
22557
40024
11199
3621
30209
2811
5538
2668
16059
56760
19607
19143
49120
65454
32639
62555
53967
1780
18233
25476
37789
54341
13863
58869
32514
32585
18006
20850
33457
63891
37313
5810
39169
36040
36004
57363
34734
26786
33583
30660
8190
13300
20798
41103
10898
32094
33538
36372
3995
22251
53925
37452
18644
36481
19729
37291
10309
60675
38736
48094
64073
20579
21738
912
4261
61783
38373
35141
34909
52581
31866
39896
41113
6997
7379
35692
20843
59644
25891
14707
63230
28400
43594
36757
34489
62298
10428
25843
33297
30108
39432
1689
33676
7236
56025
37797
46760
41904
18165
5776
23485
24817
21504
39125
35507
38983
8036
4541
57663
57755
27048
402
34531
7303
16374
24079
10960
48262
1913
59057
39645
57472
27685
11803
38538
8570
49941
37616
12554
63779
54693
36188
37230
24018
63986
54352
47709
22175
32330
24351
60784
57148
56870
12433
22942
56124
61412
47740
42216
22080
57686
32936
29579
1735
37627
26342
14797
8523
26077
37662
21766
63301
59737
39213
31484
33173
6469
24259
48242
59099
34250
5235
25490
11038
64097
43268
45629
12090
20520
45267
59111
48752
609
18495
41768
43798
323
40536
1309
60564
28260
64172
45919
8486
33192
35295
27101
35495
5702
5809
55526
9126
37308
50969
39730
64570
7163
20425
6806
57782
35790
60328
11772
50988
23802
24814
59780
39794
12475
33802
54209
45713
7603
8967
24050
43340
62330
57169
21034
60346
43582
20531
33559
10493
35400
18361
47470
15432
50820
28947
32182
21202
22239
64177
9364
49349
54761
38000
65068
12818
1468
20259
48035
15612
34851
1180
26706
35276
62752
39958
34160
55299
25666
60338
34371
1390
45293
44500
46871
46302
41431
44169
50512
15507
32804
58150
62326
38256
39474
23
45694
52092
10836
28558
59394
6547
52064
30837
39524
48086
25039
24326
46237
1493
7056
888
57308
40435
30435
43436
20090
56197
62381
49136
34425
22493
51829
4844
33734
30237
39060
41944
28529
26395
10941
34544
22117
57315
30614
54492
58387
2108
55153
25559
52764
49924
6336
7828
4945
44045
54030
25142
24595
2434
19665
48435
48338
62263
5373
60668
31852
65154
15224
36950
21563
59438
48400
61570
43731
33223
14977
59502
21068
54593
2654
47700
58398
34518
49942
2617
59817
45780
56796
12910
3140
10034
24286
32571
22771
24676
2923
3571
59810
54578
18980
59642
20942
2424
18443
36549
14677
47916
1143
34641
11100
48011
20741
30793
31677
24144
22455
37755
63342
43196
65382
36617
22654
2454
28368
50462
21373
8390
64000
48592
30962
54178
61022
60503
53909
39344
31828
30319
6528
59926
36295
11301
51823
14253
508
40002
12342
18149
14036
56033
35425
33108
34473
40289
33498
13312
58742
19799
10994
33844
40635
46624
61854
20861
31328
53085
18224
48737
26185
64673
34753
28434
50114
4962
44020
22608
16058
41220
29151
64626
54463
26193
23073
56454
14605
8759
38032
20640
20208
141
16258
59905
60137
26507
45010
63509
39552
11100
62607
14593
20891
10882
21307
59079
49054
45623
49590
18527
33202
48813
64827
48698
55532
4970
1383
15265
21220
30877
3209
16967
20967
35402
50618
10450
31667
39659
63056
11712
26800
14637
23111
7530
11991
31943
4248
34869
32583
16405
24767
770
23124
37550
10158
26316
28309
14517
54002
32434
21016
13142
38650
29216
64411
12593
16808
38748
59926
30356
17035
36976
13639
46246
48884
39886
27989
32399
18391
21766
47590
20199
7583
55682
5432
62107
49059
19086
7684
62758
36475
11136
15931
23212
49477
54883
48892
55186
9348
4464
3421
3004
5172
38048
47638
39038
60934
60879
49701
15831
29509
40045
3712
38706
41685
22899
16701
43723
12778
49342
50582
19616
11721
17879
37067
8445
32689
54983
36214
52864
39748
31310
53830
46931
14086
57550
9648
22764
30837
45266
22732
56802
26713
63054
38452
30112
39103
6566
61840
11124
9381
27430
48521
52945
11897
17288
35214
15780
57194
48381
44663
61959
43634
54322
10732
5059
54052
41686
5671
47329
39134
46790
19454
45732
33178
42489
422
13274
17923
17182
49857
55079
23665
42151
45921
20906
16637
53394
52526
32360
30543
64190
4506
25199
47477
44447
65381
26527
38598
19806
880
49886
30091
17202
8983
27731
32570
51343
34742
27582
45280
13868
43095
19613
35865
9071
31737
562
35423
7555
58541
3033
55290
26491
64479
22535
22561
29195
56369
34256
26702
12803
47646
52257
8127
39845
52912
43203
27250
51314
59407
22711
49060
12730
13275
61615
7239
52628
26710
25352
53126
64776
20313
23575
7821
2166
5327
49696
17072
6973
48069
6849
39624
59243
53974
32421
2126
35444
39853
4546
52147
43650
22225
2828
35953
32909
16110
7894
11343
31163
53119
25665
2306
15565
26386
23437
18817
29875
36418
49375
4309
58701
2925
20368
10568
60031
32201
36070
41394
10795
59574
24555
60491
58376
54595
21535
16546
8321
63394
758
53756
22080
21423
14514
4599
38296
11726
1626
12366
21618
31716
30254
23404
37268
31498
25401
13840
53215
27774
59700
62009
2803
43516
64886
63446
16352
11208
15661
38795
23430
1480
11320
7304
36070
26163
10244
43381
15780
40831
46802
9569
17331
41069
52266
32913
44692
41244
51168
9150
48691
15075
53636
18360
33269
62842
56690
39537
41818
23400
2739
35267
62841
18472
57510
48199
63842
23021
55289
24988
47798
40920
38182
7011
57884
17069
51951
41271
5394
13030
65397
43419
48595
9349
12448
57344
3196
42867
23237
63591
63954
64229
60431
47271
49388
54861
6820
28647
30404
40757
45278
18790
21710
40275
1834
44409
8000
9821
43423
56758
7254
49169
15792
7713
56888
45905
49218
64817
35350
59737
34771
55135
63241
62063
26304
23554
61780
53131
34010
3133
4192
47081
10286
56537
58901
45197
46306
37307
22905
59583
49622
56917
16556
60522
62372
9120
33675
5915
17522
63274
15372
42943
11062
23557
60511
40954
30840
39707
26992
16085
44681
34627
19784
12805
51606
46366
34579
13898
39753
13149
24228
3259
39675
58094
21421
34363
46519
42754
55790
1947
64899
57023
32015
34248
26562
2846
54771
37076
20390
60177
5405
55870
61249
34775
40956
45452
25393
49264
56248
48420
34869
1183
4163
25960
40832
7629
62200
26794
49350
28116
47333
18553
40276
25486
50621
7999
10005
18711
39408
31283
56226
21074
56303
63283
55781
41964
16339
53825
26389
10090
24722
22025
33001
22583
16471
31180
15269
31898
2861
61464
55203
21620
34391
34139
51919
64671
25914
34797
49524
56410
15918
23736
57531
49194
13801
56637
47722
61883
53910
34885
9269
33403
11160
51017
60510
65205
15336
46987
29476
42508
32282
40161
19288
1415
45613
55702
29010
28605
4885
25547
28398
24380
53892
31760
59752
25428
25619
42992
31794
4114
3792
15608
25010
55174
42699
63234
19789
22271
16901
45187
17262
14169
46257
17867
56241
16718
39740
17690
6170
36317
21497
12634
35119
10583
55026
33404
25231
53338
12152
62097
46602
22014
43123
21228
34212
16791
57419
34342
55070
36774
19073
65413
55644
19275
7200
36019
5883
52655
4434
59298
1436
63249
25750
48258
31576
58281
55081
42423
31355
34918
48791
33572
40341
10868
64221
17223
5579
21327
31822
21382
63360
14001
49456
49991
3538
10551
15975
41871
38704
34455
25385
41566
10485
45395
56808
28335
5965
8089
16635
6103
38621
8625
17530
27872
28814
14873
5044
64155
30290
2792
3911
15467
64326
41086
37871
36486
32136
32462
64624
46205
59757
46111
47620
46732
53701
9162
35227
35007
32489
23236
5116
19548
58652
8308
23533
35594
10909
13854
57152
62802
62988
3753
47486
33966
3224
8673
56814
17830
43357
23067
13962
61990
59335
15939
18168
24802
48098
7020
619
48974
19979
3235
19535
9268
30865
21047
48823
46818
45963
18332
51140
15850
26385
18202
9548
19175
59499
35674
25807
33847
52271
14434
37735
43378
35300
27702
20221
54145
54976
11494
29436
46588
54556
2680
15691
60911
11266
34751
27274
20194
20622
34395
63272
24221
1174
7098
43850
59409
47423
5940
49769
42932
15345
58457
57355
23390
22156
34140
15024
38412
22147
3991
4552
35931
28649
29516
1256
57412
49726
18335
9845
37005
50298
21564
7213
63768
55270
14710
829
49482
6925
11029
60794
49965
352
55296
20
35828
19427
2774
49055
25900
31674
17420
64734
46373
49834
47511
41311
1998
8871
28275
4639
53710
57263
36038
20405
53765
56392
52463
29382
62551
27440
33636
27650
39438
29709
47550
14017
51024
51810
6631
9361
57856
44812
11827
13218
38782
36888
27211
44236
33670
16250
15327
59928
24997
2958
43017
40763
2627
8781
53017
25289
2104
55934
19741
641
13516
2733
21108
60639
46629
15718
2772
25879
57241
22851
37873
58443
52176
26729
26671
40535
28814
22832
32438
119
22797
11965
65403
61763
11697
2405
37607
27369
61758
23546
37572
15658
28487
61249
29068
35157
32261
11662
51053
37178
30145
25833
25115
14569
59983
59949
25536
59451
29480
53154
38878
8562
31678
59453
4127
6591
37117
3868
28396
28381
59851
1482
40110
9982
44491
62476
40360
14680
35587
38930
15984
2862
59947
3737
59567
32507
28961
37449
45711
41222
7682
31745
29461
39127
47415
32222
55374
3235
59610
15394
40634
9121
25937
44898
23905
34820
37112
873
36227
1822
26821
36148
12882
34787
4068
33853
18366
59149
14084
42494
48022
19490
45598
13407
40512
54096
19922
19132
11573
8390
44513
28906
12191
63883
58095
37373
4054
49750
35376
37189
50144
15267
43229
17422
38141
49327
34363
19948
1454
13163
11389
36513
869
65418
43505
49221
37477
16350
9930
50649
61878
49501
20917
42766
14172
23556
34146
4233
3186
1212
24467
62209
13758
36250
34478
22526
8692
22361
26336
23319
52885
58201
39820
55831
168
37106
56441
35730
46286
57155
49406
32032
10755
39856
10516
27003
25651
17624
13860
14392
26786
5363
33327
17166
26339
57894
43908
161
19572
16620
32916
45678
12797
26132
26796
47296
55473
54774
6632
25231
34388
12389
1976
56803
30051
42437
25739
42869
47464
1136
38193
34502
641
6544
63040
64875
13791
44317
2299
3374
47431
37658
46573
62184
7211
17074
16657
15845
4713
15845
36104
21215
9427
61880
30527
23813
8741
54577
37542
13815
34561
55239
28279
57013
47056
60851
22030
7535
51309
36660
18699
24660
31235
39464
1294
17523
45443
56923
26216
59566
17976
33680
40944
31429
59518
60394
41557
42396
1047
61898
58408
27701
17751
38396
28677
39520
12726
25212
56641
62706
59963
27597
62204
42538
6589
49807
36985
26026
30768
48963
43299
53812
31775
35973
1339
44320
16595
62968
63120
64425
29717
60124
3816
9414
6376
9398
31037
43058
51547
12019
39099
23415
22337
31102
40548
36455
41236
14029
1490
58907
9968
29953
21724
48270
44947
9878
54267
64223
44943
38544
63553
25551
6247
25547
39358
62984
18511
5065
45380
63033
51393
27981
18305
59792
17064
11913
51487
5929
49868
17512
22971
7296
30516
41425
27147
4516
19347
39405
44868
26810
48321
29187
46760
12301
18937
56679
55406
841
64753
56317
4625
19708
37303
8735
47624
9315
51550
3511
49413
9295
54393
54057
37202
35969
13261
59505
65321
34041
35173
4728
6197
40582
35675
36461
45347
24222
13408
29601
77
35311
61334
19301
49136
53125
9625
62695
30469
39632
5008
29451
62109
42168
9838
38436
10727
421
28662
40209
39232
6743
45495
41654
46274
36392
51709
39315
48650
58701
5917
8054
43810
9875
25827
48122
1391
14978
9361
16752
17173
18232
57479
55887
33194
45757
26747
45723
33120
14829
20440
54798
18749
17644
54775
13780
37475
48051
11063
9347
17332
56317
11551
33076
4905
15036
26008
6575
3015
47709
4832
56162
39468
62907
52099
23655
6723
2692
25250
11994
24676
44714
30599
24614
40317
45727
3040
51284
12735
29164
59429
2659
15884
19401
16292
13502
22767
61054
41598
23586
43771
57395
12648
24976
52821
19916
7537
23949
9814
741
48378
59745
802
34240
12367
13701
11916
57351
22487
61640
11196
55454
17999
8818
43398
62330
22277
44614
6988
59528
21092
19426
33744
59480
34104
7946
7156
13608
13169
138
9997
15998
54431
29986
13274
61304
16062
5372
25086
27416
27012
12697
39053
6579
52201
880
31968
53250
6162
48979
14420
26072
37046
54076
33030
45336
47430
50946
17187
57022
52170
33699
30477
62759
41500
55758
17127
30941
56452
25331
28336
32785
29442
15726
24323
59662
28412
61390
610
43168
55459
26332
24548
40672
33804
32139
22378
42450
29680
38292
26786
35826
28719
52118
30058
19103
38538
12451
28005
36988
45467
41464
46320
46600
12937
17519
36397
16979
64606
4785
8558
29226
64408
63330
17868
21353
12099
46503
54519
63654
58514
32744
53814
53698
56668
20372
57004
7667
24822
17962
10069
36311
8066
49919
42057
41472
60522
57600
46011
21698
34041
21168
25381
32935
29162
53450
28101
28051
15748
29058
12806
10412
47110
49398
7500
8163
35605
64019
2066
62029
64315
24738
54174
57595
5640
18335
39212
65404
42486
63155
35747
21912
13099
43599
14803
49068
20591
9676
14718
24813
14318
63125
58597
13993
17765
17395
16797
41783
34262
52309
30943
41947
33598
37568
43475
23644
3618
20357
8086
367
46859
4101
28347
15746
42370
45792
60954
36973
6400
55334
41533
52270
6491
61437
2442
25671
10004
9974
47607
28781
46841
17479
37044
14977
62444
33160
28725
8250
62507
61030
1891
40146
21833
17360
38689
22095
43081
56993
55243
50921
45081
40266
62870
20620
53169
58791
43789
24905
5027
46984
2936
36550
34342
39871
37742
6584
7284
44274
39467
6035
15509
11044
33508
27475
3942
16470
24557
33635
20424
30607
12558
28049
10143
64500
5255
34571
4534
38114
61228
29821
34239
50248
49065
62497
65114
38304
28758
53896
2163
26013
15689
61278
47935
50200
50
13381
48264
45709
35905
31686
4869
23163
63689
19353
43111
2366
59022
49420
36787
27599
3764
20745
23079
30695
19888
60425
46376
38586
9963
30613
58544
61027
30992
284
45634
46288
10136
27755
19878
11103
22075
27787
55693
56129
31591
35714
9908
54429
64417
33836
9447
55926
43275
41199
62224
53133
20822
54784
60019
425
15934
25628
53200
12005
10472
31746
58148
23069
59933
25444
3148
54120
40277
9944
22878
55489
46775
46796
28862
4392
22343
49363
64786
59613
6627
36545
60599
15477
17358
26928
23605
13797
13120
29547
3622
26298
44933
59440
59173
55961
65161
24362
9804
23525
52325
4621
39128
356
64943
64093
64946
2776
21156
53332
39522
14407
41602
22258
2951
61517
13840
29581
15378
43345
45124
37645
49177
29955
12739
11624
60429
47063
12467
61757
21612
22148
59447
11709
62750
33961
23721
32014
58290
4418
50556
41828
26607
55849
56496
32920
27939
38460
1168
64143
45242
26729
58714
33183
38545
62833
29633
53262
50443
44508
44475
18112
21291
3986
17906
31929
1058
4486
2014
3941
16785
46499
55922
34965
64507
5676
20651
36372
15862
42245
17150
41053
3978
149
47411
17964
15233
20557
27485
45458
65307
21494
15970
56020
48061
37596
16596
1916
46485
64007
50233
22106
38035
34631
57445
31314
47141
32127
15161
43306
44496
51337
48513
64363
20471
43892
21129
16078
10312
60513
17251
47208
11619
40474
53514
48603
47671
61729
10264
34423
24598
13345
40223
34514
3446
18287
11027
62854
59009
50564
9897
61000
40908
54649
19769
1591
61632
2125
5292
56724
35653
54300
7407
13728
3389
58790
52861
36107
53096
8889
64998
59611
58153
12033
4512
50562
59212
56939
50477
43142
33783
46966
24644
36115
13755
64390
30692
65117
14834
13557
37286
62099
40241
35248
393
61981
56238
11522
17126
56093
37227
4580
24526
47005
41348
53084
64422
33307
3615
48564
53264
10580
58206
57170
64763
45887
55807
35990
53039
11457
8189
17976
64911
2210
54548
16480
63744
50987
7758
63801
14383
56225
57436
9498
18162
18371
56423
35417
44370
21624
40264
56758
14675
17551
33146
26951
9954
20168
61962
48104
27622
3974
54326
16712
35840
54688
53151
39100
14881
17812
19451
22799
45046
2476
56162
31882
26217
55884
31287
18890
40357
65196
45788
5578
29836
61573
40305
25644
3586
41809
12156
34254
61097
59060
62608
46542
41482
20957
44955
20900
324
29654
42136
52751
56800
4727
4294
16999
16081
24940
55770
63737
28622
64096
25255
59490
12807
57711
41080
1776
45700
10339
18233
41614
15752
31206
59352
43519
7155
13744
21611
13741
32835
27044
11943
63084
1224
53333
26138
19094
13736
39051
33042
62605
55656
44420
6268
64498
13459
30439
37872
46479
30076
12653
39077
34939
20538
42356
16322
17761
31290
40303
38193
19644
37199
40766
8972
18059
65404
24022
36194
25380
40799
1354
40411
41097
23972
5546
63456
12531
43854
48019
4844
1211
51692
35308
56546
46685
52768
5622
57723
41914
13167
15780
12262
39535
35595
51072
46630
15371
33205
14107
48985
36017
27822
14229
34965
36334
21754
30006
1028
25254
22560
25474
6432
15421
62155
21005
59240
2028
2427
50283
48794
27172
11783
21027
31037
47233
44117
12377
10466
18325
46950
38678
54969
59698
50543
48503
58047
64179
20929
12906
24847
64784
9599
61664
48534
50640
33615
61517
46221
48518
36003
47360
18105
35842
59821
14837
39881
37597
8628
4979
24174
33176
38492
42696
63376
41510
52924
13326
33334
4538
14592
4899
422
41776
60639
24383
61461
9762
43724
13876
15142
3580
1215
32912
24854
65358
21946
14305
18184
50244
61391
58334
343
31030
58632
52149
4071
23417
31077
40488
36955
42665
49680
2907
61613
19436
21655
50756
6502
12027
42364
39668
45195
2127
47001
39192
63808
50848
43250
42121
17113
64400
36616
53902
7066
50014
51451
9175
30440
53631
21634
22764
12518
48138
1926
46281
16561
21605
50222
7084
57004
61739
16649
22371
33097
44886
33355
28231
11544
5507
12980
6450
40984
63585
54968
3538
56490
53640
40263
44297
6378
63674
57806
62017
5578
62622
40823
14741
18978
10179
7080
54353
59940
11443
18297
29598
3931
19688
33755
48995
35484
31068
34615
13248
37739
41528
36978
17514
48984
62592
7631
15302
35734
7068
30744
15034
4679
38064
26859
58660
43810
47475
61293
57058
55655
44944
55252
26937
30232
18327
42656
52512
4888
23092
58629
63578
5296
55785
48106
32252
47083
48845
22213
20671
59246
14854
37227
5056
38844
21707
55347
12326
59242
58443
41613
32988
18674
10839
7285
9606
45188
32381
20028
40531
44478
41087
7469
62995
40839
12096
61044
27033
44761
14822
60584
31746
27859
50934
27444
17326
19559
16607
65135
32027
2535
7718
15823
62941
40555
48529
61619
22549
23203
48586
40811
56812
11084
17333
62656
1760
31682
39051
50194
54276
12926
62807
19298
62886
48193
48737
43176
31222
48583
63877
18312
29119
55018
9358
49148
5964
8612
4255
50593
55102
44753
63554
13548
36677
25390
43851
61025
43021
16579
51886
53759
51910
53356
53547
15046
54956
1530
24928
6373
26287
34335
16556
24459
36246
53868
21007
247
57817
61565
60688
54734
20181
46858
59752
41705
20858
13358
7588
63467
9244
49802
53853
728
56655
52615
3999
6304
36925
2313
63033
55266
25167
245
48314
6868
31307
52761
59738
41080
24846
52431
8645
38561
20747
44742
19943
45729
19841
13336
33451
42267
40630
48113
6490
10283
30993
3301
30572
9691
30333
47839
17143
40260
4201
43668
27089
43484
33952
60710
55144
18265
31526
28097
41780
10496
61566
56769
60150
5767
5113
36125
59068
18635
59879
6387
46191
8528
47958
53146
38478
61363
2464
64139
41344
13959
30577
21820
55538
17758
37961
44842
13587
33970
50045
37558
8567
15200
49243
41282
52639
27271
14486
48897
27073
44845
51841
58707
30781
8598
12241
12504
41572
24606
41961
38703
18223
19286
48055
20236
55457
47284
58394
490
15498
55505
64151
52805
23615
2634
17397
60590
27633
45607
54948
41774
10528
23443
5293
13691
54050
60835
21306
57440
64360
49443
8142
3871
16878
18820
40504
3655
5664
64056
60903
27772
1022
36941
21887
22035
26113
20461
20078
61229
21575
6840
19765
14370
58863
39252
20057
53336
2001
34389
2724
38218
6217
46547
50789
30855
15803
14332
25417
47569
36085
27386
25799
58622
51018
46158
36480
11633
3774
31417
59369
30946
30366
27793
14869
20480
59790
7476
25208
23157
58214
34048
26131
24927
5168
7321
47900
51396
27839
22829
53418
9848
35403
61476
7263
42782
50449
19786
18443
50014
24887
45682
4391
33193
1680
63342
63212
60187
53315
2263
52116
14905
12734
45920
42116
57079
33633
9488
19207
3186
15040
24745
29576
52224
44106
58623
2049
29606
16705
45030
20668
8906
53869
26208
55800
16979
7736
22579
26658
59471
8714
32851
33163
35681
1643
44867
54060
64956
11111
31742
10439
34710
56834
15714
20892
54086
56560
39338
3808
9864
51670
23068
28668
36772
50581
62981
34669
12130
23797
23381
33114
36691
49019
24190
27547
48433
13202
21320
1988
26048
29410
36189
52836
25189
45581
29649
30253
41584
18927
33882
34865
17052
60374
4248
28094
25311
30178
18499
46996
56624
7489
353
44750
28844
49458
49815
27091
3097
35183
65136
22801
45670
2980
29405
40766
27337
63842
19085
32300
45090
37744
34046
48226
26922
20698
18926
34906
4791
13289
40936
33641
23770
28654
12082
24984
49350
3816
24843
43550
27868
16139
23727
55011
3969
26028
4521
61253
37689
61960
49434
4190
41374
19431
21174
9082
26563
15435
36157
5869
36826
56479
46110
60710
56527
41710
16136
2507
20985
64186
15898
27127
62557
42244
48030
59259
34191
21994
7660
6144
58295
59863
9868
39318
22902
6420
38739
10179
20100
26811
38933
34463
9420
56666
53504
10316
28053
27383
18772
55571
24020
47151
22638
19549
54324
55966
51206
23250
54618
51453
45881
38011
43506
25603
50579
57999
10265
59636
22017
50499
51900
63199
3672
42998
15885
31137
41037
50008
6232
29035
3723
22996
59242
10963
7969
11185
22823
16614
27824
35497
43408
43507
17074
12961
52537
43784
46795
8907
4974
55605
4976
4158
59600
12907
35040
44100
60031
39466
49420
5959
15071
65380
1618
21333
54757
32266
15157
12978
15365
3344
36447
1340
19364
17114
57851
23812
59098
59428
35557
10237
42101
20799
2974
16713
57866
45474
45966
56747
28425
29775
34050
14836
15382
10460
48701
14534
2198
48432
28629
4854
51186
6793
21952
20554
10394
16251
29597
47234
33023
12772
35713
27012
54679
46334
29114
9916
29609
8515
57652
20840
22266
26412
53520
28560
50764
49739
24106
31443
41008
11206
27890
42757
9908
37704
23335
51248
17520
35302
4394
47896
64282
58194
26802
8879
50351
3034
43264
56263
44097
1238
46449
61305
14487
27502
32546
63360
20501
62272
40133
8351
54339
51180
45223
42500
12742
57220
44634
23624
4341
25760
15215
37480
35114
28827
26984
64310
22566
56209
61515
54709
62581
62550
42490
54570
58453
2953
291
46335
4136
44513
54637
50208
27256
46518
26324
49715
5671
44380
21978
65366
41781
23228
6218
44521
33595
12176
30522
62657
19571
16671
1306
56662
60926
1972
45677
32618
42029
46856
48906
45062
58997
38732
18517
27294
24662
51386
57809
11070
24109
4022
61850
55586
57586
27949
34400
47376
43312
24311
51397
64837
61231
51739
45739
62069
40795
32169
4311
2835
49980
34649
53136
27515
14692
9479
4594
28699
146
15251
41888
30097
9864
2761
35143
58175
29182
8563
60659
6086
44234
47470
58090
33313
51352
47672
34270
30051
34708
57984
30778
3352
27061
49608
24263
37764
12391
47095
52426
49111
29309
53749
13177
13073
1540
20155
48781
30985
2890
24991
976
26212
8216
17473
61829
52111
24376
61117
38679
35605
63217
14988
35467
32678
17306
25693
8267
13620
48783
53613
20954
36
44050
23659
44828
31768
45242
33772
29792
61526
37183
51295
38884
4415
19791
37384
32295
62279
41656
4500
25239
47761
10920
2743
18205
43585
51816
25622
44150
58618
42954
44078
53408
14705
27919
35093
31303
3262
62195
40731
21574
46134
47529
42482
3569
55415
62034
46661
57142
17914
552
19696
64382
51063
46023
58518
12383
23748
32888
35001
13856
50171
418
12427
50004
60209
53383
6267
16936
1533
28660
8639
45312
34133
24668
19148
50911
47736
24102
38067
15311
63292
20476
19876
24635
17647
56621
51105
4134
8399
46836
65357
29263
43782
18782
65432
61826
64970
15524
57033
47926
4695
5020
29499
47496
23282
30524
450
48571
53500
48668
60757
15921
29089
713
51238
19511
34424
15829
2613
56142
42816
14958
62770
432
20277
600
2549
5907
44494
62780
59648
51022
45704
14063
1667
51441
37480
41191
61239
11809
28065
38621
27994
13043
9755
1631
13779
57029
2910
18177
64613
61247
55589
11224
15546
39748
29557
49437
58192
50123
17874
23281
12099
34921
48477
59111
50563
34506
48090
4957
55019
50337
20677
58650
28962
44785
32397
9510
19806
33525
1278
39563
61326
6591
34079
15310
53074
6173
1151
16925
15833
43239
17082
6190
17623
17482
24798
5832
29233
21440
47004
32072
24012
1154
63164
54301
59750
6179
8230
17381
50602
43591
48573
16123
11902
3253
33603
26193
65465
6560
15743
335
18061
55377
32946
61536
62292
15912
50032
16351
37006
42090
17084
17086
29325
47524
18327
54063
31174
51113
16659
63800
9326
55810
33676
31635
23973
43934
40516
4699
35136
35610
10004
31763
22411
40930
50224
29489
18968
5630
60037
4856
63064
19191
20463
13199
12066
12459
10542
64016
27591
65338
49213
55157
2467
13184
53003
11407
2527
60186
60880
415
18891
6212
37034
14321
47775
8135
22307
45961
29108
36236
62252
12890
29934
48642
7715
51844
23984
39061
51856
63609
31539
9546
43938
27668
13809
25424
13445
45213
1845
2607
56329
37380
32925
25195
3669
18252
62394
51290
61842
5745
48126
48289
23237
14677
18527
54920
35259
37515
59276
19314
14073
64515
9290
54874
10601
1331
57736
29652
12672
21080
478
13180
59003
6985
24917
19169
29654
44147
64143
54196
40648
17442
27395
20100
25926
53261
34211
60301
18142
8675
30691
9292
665
29399
60930
55528
13111
53399
8481
3505
24541
37487
113
43057
27926
1974
63434
23757
47756
47243
64365
32843
25345
34815
9287
28798
31329
7831
20899
56912
55163
63749
64538
33103
50539
10734
15885
43526
48233
26356
50871
47775
4686
28667
30
16753
51230
2234
24976
46043
25947
40387
28500
38410
32034
31203
9121
58603
47343
30564
12855
41204
58891
49378
55318
36656
312
18889
48533
33856
47611
46465
28218
52833
51690
60888
34719
26779
52628
39666
18676
48933
18281
42064
4580
22529
28742
25579
30327
61317
46713
51971
20284
30275
25952
20359
39915
50049
27501
26948
19214
65300
27075
51999
15652
30534
38527
48755
6577
39645
38381
17263
31343
41206
24888
10590
28552
3259
43607
12968
5730
27137
60830
57404
64282
52897
23130
30164
8123
16421
12152
30050
29702
45906
13841
38180
47936
25181
49654
9386
2386
59762
17317
21874
21449
59218
34139
37678
4928
56234
47527
38230
17840
39375
25178
58738
50027
50810
9063
1560
64208
11346
63360
35063
12360
52450
46223
62756
64940
3963
6962
60652
61997
45450
55674
21155
1265
62093
45790
3883
8547
63588
53716
51305
40428
12909
17339
5658
30418
50099
25167
25927
1445
25853
46268
49268
49376
29294
32362
53875
34287
62023
59338
23120
43815
61790
19837
4972
54756
51435
62026
42499
20223
4036
21895
64452
48871
16346
62400
2453
44632
43069
20201
54854
20946
64101
19969
63102
62087
4197
34832
60622
8487
35673
1461
31473
10509
64359
27015
1897
21069
4034
28718
30538
52669
52388
17011
17610
55320
35060
62284
2757
23274
5675
50400
36747
18109
45452
46886
12021
41368
39888
16368
28455
9152
41450
31442
24702
46156
56832
46561
13597
48545
61428
38820
31461
63295
26050
43471
7929
657
28746
47830
58538
54303
51970
42152
36700
26808
33978
16037
6283
60625
27478
14353
25803
50366
63015
61500
37546
11590
8621
15655
54081
5286
28471
54782
56711
21884
61966
14894
52249
44593
51450
23494
33804
61013
55777
56066
12218
33841
52086
42462
28965
23839
42637
10497
33913
14866
25274
44049
53052
38292
336
22890
11130
13963
19913
20959
23943
38343
45320
22996
58204
24289
55696
30058
28940
40778
61216
34529
8141
2512
36046
61095
25555
11368
58550
59000
52382
27835
29455
59504
30992
36567
37147
23072
40819
45307
42119
16868
51492
62152
60605
19898
34627
31306
30725
39868
4275
36574
50911
55855
53555
25879
61104
4732
44530
29896
63679
17363
42708
58266
2555
12887
49622
28997
26533
21119
30981
37722
33471
14972
43579
51151
1935
40236
39106
22818
27976
42781
35447
40781
27717
20464
37567
61128
22128
23326
52127
42418
43848
47559
41586
6167
35869
50086
21090
24050
52427
57675
38037
16264
18908
60997
7720
40317
58991
22889
8423
23746
9702
20227
28896
54213
8997
7460
22124
25156
16174
30835
13580
22087
50237
26666
45763
2105
49815
50323
15523
33379
46690
13872
6791
3013
55763
25420
56356
10040
41822
23888
3670
20406
12052
33148
6822
19094
54057
37160
26707
63798
43566
64450
29018
36531
9614
30523
34566
25525
15605
24869
59889
7884
65487
40610
47811
4023
47635
7502
48307
32780
53282
26152
8735
49803
19607
62461
11911
1782
27325
56950
36250
31461
33656
43110
11581
2177
47653
34942
4805
40159
54577
22905
17518
17806
21753
54575
46600
20854
15444
3241
7405
51598
57284
52355
56715
46838
58557
9241
7549
43879
47412
57633
902
41244
9301
52225
22307
39223
31078
52205
17108
23388
58092
14245
10922
48702
51514
47803
28423
39753
22855
15150
7430
61448
34132
63770
28913
50878
61184
39898
64649
33409
19162
18747
52771
3636
5646
8669
30351
1782
46431
43852
31094
55920
53523
23657
16187
20131
2
3711
28480
50351
10750
1267
41125
50279
29750
19653
51534
45627
13179
62925
4976
49509
42166
34818
53270
26378
39150
35390
28083
60343
44684
2266
4044
51437
2143
54160
46525
27660
63564
47699
59101
38645
47416
63342
25093
29333
2120
12647
20467
19065
18730
37815
56845
32115
48155
40217
52219
36922
54800
3842
3833
5981
17271
8601
32804
61476
19228
63282
32601
12642
3678
19872
60010
1687
41317
16459
16938
34513
33064
27037
40691
56049
31909
7919
33328
44253
1723
23860
857
20103
51444
18546
33309
12692
15086
58427
30579
14208
21791
62749
33400
6967
44817
34577
18210
53471
46169
59125
28156
53170
52005
28090
50635
34392
14654
28140
53316
15461
12604
34715
35957
29040
5636
2185
39770
7209
7411
55867
50321
59679
63920
54688
49881
18256
4831
22773
11816
44467
48062
14054
56371
37531
34179
55733
3942
58449
59050
57453
25959
2677
53365
42231
36057
60903
24600
9338
45229
17564
30220
31073
5149
4225
9777
45595
4627
25014
2941
17360
34731
63552
48502
35051
36466
43623
61666
60931
41345
8874
4533
34304
35619
27286
55713
5129
35691
10442
56275
3932
14038
26689
1414
31411
50183
51586
44820
35794
48376
48722
53186
10286
22568
1047
5724
37850
57801
45000
31027
27126
17784
20701
1358
24111
56062
45855
43251
50774
48090
43946
51491
55500
17397
65100
47936
30892
35010
42494
1075
12463
23534
35755
63404
5783
57247
37142
18390
34985
2432
42138
62958
5930
7581
36157
6675
63166
59200
56440
11828
19521
9002
41937
3248
2105
57518
34097
40251
29267
17657
37666
54324
41811
61640
53500
16136
15840
19466
33445
2615
52787
2679
11934
34964
23661
3026
18291
25090
43687
22268
42087
32468
5307
9606
136
26294
735
41691
51816
35787
25676
25875
50296
1766
69
48887
11122
26613
30446
58601
23275
171
37707
30533
490
12478
46618
18189
10001
41840
49880
64352
59695
3734
37633
38328
56314
52853
27253
10049
24663
18985
59628
26790
64948
38572
111
20709
60092
21384
24693
52846
34900
43193
32723
700
804
54528
12070
28774
61396
50705
1861
27865
26989
18209
18649
3150
11896
20422
59051
3053
6141
57675
43742
52956
18156
35450
34741
13708
65373
30377
8521
29823
27334
2989
60336
45323
35150
25815
63301
54630
35520
39079
48776
62427
28050
57767
33267
24485
29779
20541
50240
56965
58499
5617
7841
34014
10031
19610
9509
29551
42150
28794
37363
8702
17453
41509
26924
40115
8477
31006
56848
39705
39692
54733
56322
30121
24732
23005
27812
62997
58282
22705
28616
64180
52133
55640
36387
45673
52165
23423
31953
27116
18151
39701
49356
4316
11515
40002
