32768
32768
32768
32768
32768
32768
32768
32768
32768
32768
32768
32768
32768
32768
32768
32768
32768
32768
32768
32768
32768
32768
32768
32768
32768
32768
32768
32768
32768
32768
32768
32768
32768
32768
32768
32768
32768
32768
32768
32768
32768
32768
32768
32768
32768
32768
32768
32768
32768
32768
32768
32768
32768
32768
32768
32768
32768
32768
32768
32768
32768
32768
32768
32768
32768
32768
32768
32768
32768
32768
32768
32768
32768
32768
32768
32768
32768
32768
32768
32768
32768
32768
32768
32768
32768
32768
32768
32768
32768
32768
32768
32768
32768
32768
32768
32768
32768
32768
32768
32768
32768
32768
32768
32768
32768
32768
32768
32768
32768
32768
32768
32768
32768
32768
32768
32768
32768
32768
32768
32768
32768
32768
32768
32768
32768
32768
32768
32768
32768
32768
32768
32768
32768
32768
32768
32768
32768
32768
32768
32768
32768
32768
32768
32768
32768
32768
32768
32768
32768
32768
65535
32768
32768
32768
32768
32768
32768
32768
32768
32768
32768
32768
32768
32768
32768
32768
32768
32768
32768
32768
32768
32768
32768
32768
32768
32768
32768
32768
32768
32768
32768
32768
32768
32768
32768
32768
32768
32768
32768
32768
32768
32768
32768
32768
32768
32768
32768
32768
32768
32768
32768
32768
32768
32768
32768
32768
32768
32768
32768
32768
32768
32768
32768
32768
32768
32768
32768
32768
32768
32768
32768
32768
32768
32768
32768
32768
32768
32768
32768
32768
32768
32768
32768
32768
32768
32768
32768
32768
32768
32768
32768
32768
32768
32768
32768
32768
32768
32768
32768
32768
32768
32768
32768
32768
32768
32768
32768
32768
32768
32768
32768
32768
32768
32768
32768
32768
32768
32768
32768
32768
32768
32768
32768
32768
32768
32768
32768
32768
32768
32768
32768
32768
32768
32768
32768
32768
32768
32768
32768
32768
32768
32768
32768
32768
32768
32768
32768
32768
32768
32768
32768
23030
21996
2514
12240
46906
32349
15120
9228
1809
34855
33573
50308
14383
23113
50125
41678
9021
22511
54753
12807
44191
56274
24328
41155
31984
33144
33752
39148
2116
39119
48657
60224
27306
16675
62236
22580
31652
42032
57707
28795
37472
9197
61893
2583
32726
42715
24203
34638
47115
39791
63864
4187
10779
25614
25379
42171
50577
19715
14509
28182
14801
60385
54407
44579
54812
22971
21486
5985
58410
22509
34282
32902
61987
1785
46888
23536
31129
17040
9483
22394
47573
36156
2717
19100
42230
46478
30342
32201
26583
25764
4036
65127
10465
2197
55345
45358
57787
23783
35380
17711
36256
9674
8806
54791
39397
38609
11654
44550
32356
53269
20445
57478
43368
16873
56181
58021
21451
15926
2628
17581
53487
24431
50509
49756
33434
1177
34300
22152
31034
51817
7762
33435
7459
12665
52002
50174
8633
59661
37814
60435
40856
18591
34396
55455
18667
55550
42634
53772
54372
47746
29828
33462
31878
37670
43534
63459
56086
30594
41835
7253
24397
8103
18666
60363
13665
23758
28126
7173
40891
26840
17290
3626
41798
10308
56574
60660
52077
30454
25040
28402
44619
61061
15374
2342
10124
54481
13730
46049
19400
4370
37720
15458
14638
30948
64462
44817
26150
47772
30643
49604
26862
43519
25482
42163
6419
52762
13787
48295
57529
29641
11287
8818
36291
42859
15460
36080
27687
26153
3080
18811
21577
12288
57514
11819
2413
25637
23624
10435
15311
11186
58608
13814
7243
50468
42360
43615
36095
8407
22978
44834
18525
31766
52762
14486
45165
439
64889
40185
56628
38077
6948
57052
64474
12484
40232
62095
44982
9127
24852
16007
5615
22449
16525
30466
54347
22297
9133
45465
6577
56811
43533
11134
42141
45564
34673
39668
51122
51107
18454
63983
12912
39653
15656
54333
24608
55770
62923
43434
65441
64899
8112
54306
3206
8429
52889
39760
13727
63959
43589
16084
4297
17512
24713
24366
41236
6508
15155
16447
63325
63290
51179
26429
13692
38600
32510
3461
44646
61734
37666
4637
62375
57543
19559
9207
7217
23089
22077
55631
24359
53325
8744
33667
20792
61314
62179
65518
23839
28066
23142
46715
43413
53340
45541
30750
8983
44923
60253
26722
32300
11796
33839
22335
53389
45362
29949
14932
12561
26502
55129
62129
6206
61256
56765
34771
31061
36736
50473
21969
54901
54738
43433
5308
41257
614
13986
4667
37851
7625
64192
59840
42146
32169
58866
24541
29623
10871
55941
31631
44935
28778
46386
4995
27188
17047
15145
60007
47524
11821
62434
36187
48592
34748
18086
25014
42505
3454
37979
11102
4870
53553
47464
45921
30019
1945
8016
62975
57685
23999
49143
50699
8712
19341
42874
1784
54569
49661
32133
34019
13064
5337
22167
17113
2499
31992
48437
56988
61531
19600
65501
45791
58213
6623
38516
49470
6674
26385
34029
20289
54184
11220
52830
20402
34258
36327
6344
28239
49244
55234
59125
35981
32474
36964
59369
23293
10974
58575
54809
41870
14368
39959
60561
37643
31545
36474
39329
45990
50782
26200
37783
19396
54618
23986
55593
65429
17031
39594
61284
7418
10789
9365
22756
32531
44654
13410
6542
35055
48691
26141
10855
45763
11107
4834
31742
11371
1867
23948
40996
41550
41806
33996
44557
17003
63778
6415
9812
50135
62584
15507
13699
37526
18106
14394
3242
40716
7880
27311
64214
49897
29380
63250
11353
7742
9012
42526
63215
20463
31328
1158
14792
18088
15954
28200
51185
39675
50122
18857
32878
63050
20653
45165
60547
35865
19581
53235
27604
44384
10840
4857
21832
47429
58944
46735
21201
62337
35066
61599
45635
44469
9496
35032
8671
50774
29214
16318
26543
17248
733
29064
27051
58969
27951
61809
7621
15269
49492
52265
1022
51375
26354
19035
38488
28624
13940
31884
1008
43760
45154
58386
14140
60068
39573
4681
57808
48670
1225
7172
37808
33923
54853
14593
63275
61616
57963
19684
20873
31988
4641
8432
41842
12370
58171
31437
54347
20295
41104
60860
57102
48128
39763
16037
44316
45835
48181
63252
16515
26957
47002
54648
37822
15053
56735
29155
50586
57484
970
25839
47426
29629
64164
56651
35243
57144
12096
7002
29180
43368
2829
52158
43526
34286
24850
43559
9976
40932
33624
41520
53038
25757
245
47647
14822
8130
35207
33342
34980
46045
3307
2698
54611
38919
36640
11516
23058
12812
5975
47980
57577
2967
36701
10156
53312
13435
12598
51490
61273
52442
8544
43624
2227
45562
50852
20767
60786
29503
54109
3471
57886
62175
60556
33028
6604
38297
51454
16258
38164
50957
6075
40526
36362
49663
18836
36130
61010
49252
6290
55698
20652
34162
14940
42200
23929
32200
55405
19550
43438
36202
3703
52271
50928
15887
41379
30001
45266
42066
36532
52344
64777
35430
47158
24895
55001
16415
2872
53145
10424
21860
35101
19733
41803
54092
53794
9566
37601
40876
29996
10726
8184
42852
59491
14804
51114
27582
38111
50494
4485
58195
23257
29319
15714
8932
47037
18468
41114
56468
18535
34878
30278
47781
11597
12115
7701
6288
13924
16391
22344
62373
15534
56576
25551
27943
37264
26029
13046
63338
36742
2128
28977
58902
50969
51548
59897
51595
52775
5905
26302
15704
43212
10059
27215
42029
20404
14524
8810
53624
36902
487
37199
4805
16909
54989
20892
54803
32997
10685
3178
42856
28868
46971
50064
58931
10843
2993
19957
34147
6835
18350
35802
19852
37380
737
19387
54303
9434
57344
18579
27669
23048
2568
60929
41897
13580
20126
22864
44364
41966
3979
47080
6233
55268
32693
12591
43736
58572
17044
40485
47256
36790
20691
308
22644
60127
44445
10062
54429
46693
43407
52904
2820
11052
24937
29993
27086
12638
53991
8126
13731
30440
4012
31010
64866
31146
23331
57637
44019
15278
53251
55554
19829
34726
10231
34885
19581
12682
65432
62473
52434
53038
10645
60490
43965
24080
29871
10376
54509
30516
56836
25815
16944
26217
8917
29380
5510
60151
44096
22395
25185
45046
8391
17556
4120
61211
21845
8230
21122
37508
47784
15944
9000
44481
52176
14544
62920
52534
29625
25522
44955
57798
52422
6081
57423
13663
10306
29069
24670
23882
17092
65368
54959
59870
22610
4583
49945
32134
39397
43236
43856
31602
30630
50033
60398
5247
52923
39560
37546
50614
12121
31664
7398
37907
47674
47037
26445
30270
11598
50690
50891
17257
35776
44980
38766
6952
18422
11262
15950
29214
31896
39152
3415
653
11559
30398
8802
59153
55303
19400
5795
38529
46780
56643
4123
3266
55886
31122
64954
31394
49072
41388
28680
50477
35405
58615
53024
459
52881
51225
44827
13638
16316
16783
18931
14328
10931
31247
22685
4719
18277
56470
23760
46635
25205
61625
55024
47225
52311
54030
4362
5776
36972
50415
46748
47221
30563
28072
18067
23013
48651
8688
53951
24702
22806
47574
14365
19687
56946
5300
38407
60316
16648
33744
57129
15864
54864
2138
28962
46865
19423
59614
53218
45151
19315
61214
6467
11502
36135
10807
27439
41890
51227
37882
32277
38079
44678
10189
41678
38735
22735
42587
19245
32777
6564
39270
30108
16152
35042
23707
24541
12562
24618
41558
46400
51938
58362
45778
7075
55280
49075
37355
46550
10247
12381
28492
30973
2493
24677
11290
55974
22951
7421
23100
33426
35785
57561
12878
42746
49202
27329
37121
7164
15541
57710
45611
15837
44955
40968
37276
63594
3835
25745
23036
20669
25404
16834
53675
30160
19532
20895
1460
9793
13725
35344
47435
6897
28748
64849
35294
27397
42625
42130
44138
56839
40160
39339
43425
33777
2079
11131
7952
57466
4751
19367
26432
60271
30253
37042
41818
58164
4191
38513
5565
13855
37921
19160
29745
32003
36845
53871
31868
35343
12712
531
52760
46349
26157
52888
43055
59266
53296
16604
59649
41483
49224
21364
48101
13097
57809
44707
11908
48365
33016
56693
51886
43903
26234
44905
7234
30392
60007
12762
63385
58713
54887
60402
54160
28198
63966
38428
41567
39613
2557
58829
13019
46941
45586
3884
22894
50649
61086
9080
21545
42779
58052
51793
12034
47955
57846
43284
23043
56101
53744
9171
39585
54043
63429
28508
29123
42911
27466
4522
12870
25919
16178
62073
49643
42080
27270
52285
51532
62824
27082
59
63633
20430
56188
28380
5606
57279
51708
19097
61247
43784
55111
22234
18718
15061
48395
38552
36909
16648
49381
41849
40026
40455
36364
38058
64341
18863
52784
64494
35853
28340
65
44439
27895
25791
54858
45932
62840
2783
49555
15073
51165
46755
11872
46774
17679
43060
50796
24548
29241
22620
52579
24122
17606
21366
40826
62687
6060
28517
38925
28205
46334
46794
57839
62442
21736
35778
31467
5071
494
65298
64663
19729
42985
9413
4157
49063
2175
48870
47434
15529
20239
42796
5453
39604
48823
29997
2844
24981
20652
56752
49084
62409
61756
26739
50339
39636
40389
29283
20696
20576
25578
23933
53827
28192
41785
58703
52061
5720
54270
8591
37789
24261
23931
61215
9205
38969
21278
60744
24325
23743
37772
8047
22039
5868
18986
32135
55565
17576
36291
9431
47055
16209
2686
5467
62056
34116
16928
26349
53796
32275
51483
5535
37138
60801
12667
53047
10109
13501
41755
3851
41973
22529
62767
36066
22509
38967
5890
23613
34607
34703
19641
32138
44908
53215
3241
13338
46333
16166
64730
16778
28868
63622
28677
29601
39877
64322
190
21922
47441
25948
2411
7608
54671
49873
62378
16956
11745
34161
37256
625
49331
13866
29636
52995
5086
27252
55173
62394
46092
52496
49247
59185
22882
30284
37568
12654
28689
23233
25389
21035
51322
41838
62031
40659
45754
17590
12284
62386
12151
33698
11154
5129
34417
53282
6287
31728
38554
50338
13385
11215
62346
5338
32934
48255
25737
17327
29920
63493
46652
53243
12524
32449
43294
12547
27349
53268
62242
7009
16469
54618
53531
17749
41561
41791
50982
18717
46983
1012
33929
15660
38146
65326
12670
19229
17028
20015
62349
37334
23691
48506
64599
16916
748
55758
11310
24975
55995
57712
19168
49977
65361
39552
22246
58104
63363
14298
3453
6779
13247
48890
23678
41867
22906
55481
9205
38519
11085
50240
8388
33246
50251
43411
13713
53511
3148
32764
25074
8384
61562
47435
64323
10145
19043
8358
8316
1248
18085
8387
11491
5511
26186
21574
62007
38249
1879
21185
27076
4081
11057
18368
41310
41345
47000
27222
22325
8022
27264
45192
51739
27608
27041
28861
13750
25672
18458
3578
52797
59010
1528
21246
45783
51884
51969
29820
55054
20651
19062
2556
52361
13150
3418
33926
4514
46455
51992
65519
7603
39160
18840
44115
14027
24387
40664
63902
41090
54413
48937
10754
50319
35265
54292
55661
29533
49023
5609
48058
17758
54118
5080
29620
32039
30168
62605
25762
16877
24032
16272
47709
35664
7625
11960
37573
51746
23740
32557
51826
28488
4888
19188
49327
42710
40125
21113
35955
20173
32599
55148
2963
35231
30674
35041
61541
37000
24756
47403
20417
18340
17882
12428
30872
4905
58444
53750
23880
10048
23877
12348
29197
20312
51355
7953
32334
57843
28935
41199
44576
59413
42989
38221
35037
35682
33452
59060
54160
16752
34886
20128
50028
55798
43098
60086
52714
5840
2286
36221
46386
48609
38736
42069
11249
25038
35325
2754
19450
33805
46983
32868
45461
23800
5051
41898
22760
36618
41109
58126
9812
1871
32242
27351
60420
47471
63103
5935
65024
17598
14138
2287
11354
22068
17925
23828
53988
11891
37021
61661
4325
9864
19485
42911
48321
47052
2506
14574
36563
32213
16123
26834
19354
50235
48509
7690
16414
754
14684
18629
16668
23
10436
11811
43980
7925
40163
58042
32829
902
35256
5989
35625
58212
27184
8643
44176
25089
29995
34745
27279
32847
36237
28229
34255
52793
19536
35562
63407
32778
26920
47653
12247
29457
7804
64929
55465
8747
1272
39718
41016
7784
26791
29645
49219
26662
1240
64557
46729
8951
13173
9921
19825
13976
5767
54138
2814
62712
28728
18783
45727
28127
6750
28937
10600
29325
11480
48674
50587
53891
10601
49784
51626
54370
60048
31893
27131
51912
22138
12139
32188
50370
14311
59797
1225
56844
24169
64482
14672
41463
64095
50786
27664
21712
4776
61379
35009
46303
13232
14975
27414
43734
51074
51727
35467
47990
60146
11750
50004
43655
45347
4571
53926
61863
42619
780
46002
12135
31186
39793
63175
65158
59040
2773
27260
41774
22269
42274
11070
65460
28651
53226
11641
55425
6088
37178
39387
1257
24105
44717
63755
1242
52728
50465
37597
19003
48583
40779
47452
63049
41221
4610
10499
45949
14496
34793
17427
47512
1481
880
39337
23460
5070
18722
47770
61489
33
21442
62379
14328
49144
54774
25861
8925
8403
52236
242
59562
58599
19127
45706
35270
43904
24814
3370
43582
22715
32914
37234
31429
43688
47930
52010
33734
30839
2512
33460
50684
9449
27838
3361
30070
57682
38172
60434
10098
61031
11949
18800
54636
64947
19034
48009
31459
62745
14066
50374
48829
63428
25792
29787
39412
29691
15763
4851
15199
62873
56858
42567
61400
14914
13109
15585
12959
31692
4559
13420
61122
37255
50643
1772
44110
48683
28973
52965
38518
19416
38670
54229
3201
44017
41489
36905
54210
15521
58039
57959
56712
21
10853
5572
25699
48136
26806
21842
17252
12296
9144
57899
55479
42132
13717
62161
22509
31809
27125
26769
15318
45900
29026
52449
4558
59213
44668
20314
27685
29471
35900
44845
50619
39812
33693
22676
8404
27212
63833
59461
6624
13144
6224
301
41084
64443
59064
29006
24131
23928
12742
35381
15594
15273
55797
37349
35336
9259
20979
39641
30981
22003
60792
61725
64318
62962
49647
50745
56589
54168
20981
40575
20253
34840
44892
45200
35547
49349
30021
53454
59893
62853
56843
40448
39925
29117
51497
40446
2815
14391
39637
60932
49991
3821
19047
32559
17584
42137
23197
37773
42212
34613
23439
59545
18673
4178
9612
10670
33370
21630
48060
53014
57612
30052
53163
60673
46473
30765
14297
48147
11577
56171
23587
32063
39383
48681
17867
17930
32500
8263
20751
46106
64036
24976
62796
28410
44308
35583
49021
52175
60592
52422
5873
23282
12862
30676
17962
22837
4383
25138
39204
64911
22189
35003
44339
59224
52052
44329
14026
20464
23143
24101
59522
45809
9954
64858
64844
53051
25321
65315
408
27575
57953
49703
47621
63719
37971
39803
52705
39098
14269
46972
2879
26246
11670
56834
13444
61335
30394
31891
40838
29566
24816
9376
54092
25956
24513
58763
16707
59823
24587
26419
42268
36616
18403
46304
23298
26578
2968
20135
2010
25578
42580
30213
27261
15537
55741
34206
65172
25947
43414
7904
10333
57
18588
34006
53529
54036
52544
50463
53158
29747
59017
43019
40920
52793
33419
18939
857
55535
4724
17094
31108
14458
29629
46937
3326
42039
41763
3414
2278
27304
59567
19476
11473
5658
7262
5167
33819
49528
9195
24399
13618
8222
63264
52324
40586
18599
51725
8217
45034
61129
56522
63499
4110
10330
58605
30203
46937
28067
20591
45192
26129
63536
1822
8940
62012
58660
16836
32478
62525
10154
23304
29845
11137
8826
42612
32330
11168
53541
40866
42334
39918
31769
24185
65456
44842
28009
10648
24019
15320
19044
9075
62483
27707
32624
5717
50734
50218
62726
65479
47995
58380
16659
16030
42738
3689
65147
4991
50380
14983
56205
768
10057
25797
25370
50445
41418
15173
56399
56732
377
58896
40514
19745
61868
49759
32237
13265
63581
8025
42899
23401
51135
62402
145
44813
19813
40673
13007
13448
19249
50020
38180
48565
4675
10486
39293
8643
45833
43018
48614
59558
37145
27476
41971
848
45363
32934
27114
15916
62551
2070
34704
42754
44342
29215
27759
2543
460
21945
15514
61605
46969
38396
57639
12255
43828
47371
9500
60085
12747
18895
55901
12083
49131
2187
22232
42438
17881
20221
10568
53839
14339
38491
1195
15911
45510
3433
25602
37252
21997
58250
37953
14951
59107
19778
64518
12338
6236
54311
46974
43778
6489
49171
43190
24591
7339
48053
19342
7720
17371
48778
35261
34392
21630
45055
62894
46895
32001
59948
60687
24517
23414
47289
57837
41741
62035
31643
45473
5876
35299
19517
24919
22000
63957
16362
4130
4803
63875
20943
50284
47732
55196
60365
57251
8799
60448
11341
22564
5850
44957
15573
13630
11342
16634
51474
45757
63372
53329
35248
35592
29455
54892
45643
8909
57569
44489
13800
55342
34289
27802
63205
63698
50577
57299
5064
35880
5544
46132
24049
191
5618
18333
40230
61183
61979
27078
6005
30146
62591
54943
55217
58081
6138
32715
12992
35336
65251
55215
44395
3076
62752
47944
19029
48782
49470
42471
61399
33217
26347
40178
41862
50500
27917
51169
58137
39519
46326
41778
36128
39211
13277
57712
47923
39172
28036
712
64995
24589
35496
52623
7398
58310
46546
24559
14210
64136
39159
51123
10864
56958
48936
25015
409
12560
17535
43346
46029
26871
42025
10825
38718
32286
19007
2559
22835
13222
13757
41885
60304
5940
28042
23326
34678
63451
23624
26474
18737
21281
32446
42792
8835
22240
45142
6118
20950
25132
32286
39745
58714
34560
42280
20893
26753
42102
13561
64764
2804
16375
29575
22681
12702
63199
51761
13415
64419
5367
17845
28712
50439
38786
19152
63110
5868
36539
46787
34642
13608
25424
16347
64820
19430
13220
47142
29099
48657
63864
62074
59281
4554
294
13397
17086
20879
1588
29549
52570
48971
58018
44228
45546
15872
25676
18935
52699
9055
38021
15485
6968
31267
10142
9368
14859
30348
42965
42188
15717
1127
48385
15621
21353
23536
50457
47918
40288
24097
65329
24879
59420
10436
56620
10717
14192
32312
2941
49029
61556
51687
54368
24238
59539
37743
19731
56315
42871
13567
28172
55530
4515
41879
7308
6936
54185
8057
59302
49121
15634
13890
11299
50927
8060
25351
43402
50320
10026
20344
10312
29061
14596
32454
11974
27344
29150
47879
26127
20545
13216
58602
23709
4448
17709
58150
54509
56970
24172
52575
36942
55106
53593
56217
36273
25826
3190
65308
22932
29350
46399
50247
51471
32207
38905
59779
29284
38861
54591
31482
64741
38355
16930
1894
32815
5042
39272
54208
57325
32990
62980
48763
176
62144
26226
50738
20699
21703
9094
37621
9194
44941
23005
41760
29920
20003
54209
16422
7621
25462
7118
59388
501
62266
11303
59382
56117
14109
52240
31437
10444
49839
22812
276
42617
24860
27793
33118
18090
43897
24838
5133
2253
21212
25171
33795
24782
15402
65037
11802
4768
1629
61079
61949
64288
46689
31041
12728
42910
24017
1486
4119
17379
33336
55802
15960
37506
3485
2408
3028
54635
26211
10721
20280
32691
21059
64268
35004
63461
39758
2810
32932
23774
31167
30739
16807
3346
64004
52778
35666
17653
23494
30198
1265
42479
39769
20209
18260
5704
23429
36705
31258
44707
43139
60240
44972
41086
61397
61795
7268
35544
13606
33469
43164
58847
23875
37127
29338
46062
8759
49882
7517
54220
36055
2599
40378
48510
31992
30889
6776
62933
26918
41041
36901
949
8334
64853
44104
39038
16107
2462
55663
38392
58121
40490
1348
43084
1577
14763
18568
15690
55630
59047
35776
7592
22854
17381
47977
15454
45270
47951
35869
61899
34026
57178
53753
39387
15882
42685
21840
25634
43105
43705
13384
45879
28685
34399
65101
46020
61335
29039
44305
11775
48599
15160
41310
30153
15760
55363
54561
1391
28697
41318
51034
54795
25578
34523
28752
61149
1904
12881
36446
61005
4751
43926
9522
8702
19157
31866
39973
24535
40366
22556
5572
11726
37305
55153
16277
14282
41255
3240
24400
16104
29253
37544
23375
51356
54845
24870
61686
63153
8202
45862
42048
47827
27800
62065
4079
5797
35395
14716
5950
61671
40387
46107
10058
25057
7961
25340
6410
6121
10093
10921
58727
59613
53354
10467
57667
32577
32396
56929
6699
11480
54681
16690
41982
12325
38026
57716
60480
15509
50278
63544
8212
8965
43235
52889
29405
63870
45422
39205
14365
2054
47969
25735
59029
20994
51016
53252
6094
54420
29287
28820
18596
51061
22937
16914
47468
22211
55908
2286
12565
13405
53244
52895
4595
63944
2931
20433
5013
27219
49494
59566
39860
32257
14999
12298
14733
64151
57627
47704
42052
15885
35527
16208
64943
29788
36858
12731
58537
11100
50830
18853
40057
62169
38858
20235
54923
63411
32165
22822
41178
32341
12004
3134
47792
57751
20402
11850
55487
64241
64333
29550
53047
15964
5353
58399
42160
7243
6689
50286
15195
7500
56266
19245
26396
40628
57389
2683
44315
4651
29031
38551
53129
26013
52940
38602
26036
27164
35138
19077
27730
656
56708
53142
37896
63086
57578
48492
15959
54461
42816
10450
39482
40730
44949
37179
38537
11346
43018
24066
46259
56994
13757
25156
49791
41095
53417
14276
46398
14064
33156
52180
9113
7989
15535
48513
64496
19838
58000
20793
2819
31061
64379
37258
47496
41473
50830
38884
13731
55478
52500
22453
54724
48959
5759
15025
64725
36157
61546
8449
47644
12918
13711
21346
19931
26756
2741
37502
26128
50172
65367
37542
59161
42502
10486
49251
42170
63255
21006
26550
21142
4638
61047
21718
28225
53453
29215
63826
9144
61853
10618
2627
24901
47383
10486
33939
27317
22343
7836
22511
46374
16131
34164
45271
63580
55352
11671
42844
13621
6323
38061
22580
23372
20067
7347
32578
44127
21551
63396
23938
24181
46216
15988
30500
51088
13054
19375
32673
39256
16173
63702
21283
31378
4536
36084
31716
27828
56140
3927
23480
31550
56388
10399
43812
49695
37131
64907
34980
5169
3688
39807
54869
46271
54516
25147
18773
29316
10527
9313
30984
42782
47778
502
47060
35314
32716
41946
14516
64843
34426
55816
62267
44953
7702
36919
47973
8095
42597
27461
37285
57109
28526
64824
31108
27892
28358
7232
1702
45298
60974
18536
4160
25543
23080
8363
9413
754
13031
9306
36991
48045
18583
23493
13376
28751
50612
10805
8222
27586
3340
6412
42739
44240
3859
28446
35484
60025
34202
1373
56214
45712
846
6726
61490
8999
42855
159
27244
48150
29977
58784
30764
18447
31926
11432
62890
23146
13217
8975
24506
18910
22048
769
39583
12214
60598
1889
58525
30755
43556
45075
65131
60448
6851
7669
63631
50953
9452
15059
44679
30063
20933
53815
12432
1930
24831
22712
64349
52634
20458
44183
60980
54484
23192
52153
14846
16659
7115
23134
46888
30752
63369
33040
46284
37474
6712
64673
40822
23548
43520
20596
43909
32069
59451
56177
55177
17966
20191
37303
26401
10383
51180
39249
28362
19566
55141
22197
58849
64199
12484
51977
32751
60221
61491
54620
7852
46819
50570
36693
7001
61494
12083
34001
7037
16221
9238
5843
40789
885
56763
53432
45007
17894
23124
18495
35423
39471
35125
38752
5918
13555
14150
10501
56064
20683
29748
18048
64205
63593
5907
10765
16542
25049
55970
20329
28398
53796
10361
41029
51231
13060
3053
61220
22737
36265
43351
16942
24998
60534
40844
17738
38032
23660
59741
21707
21275
30862
22186
62784
25911
13877
42501
37220
63233
34905
3105
35778
57128
21984
53694
31550
6814
3477
52872
23016
63950
16322
58992
35267
17503
6312
20965
39829
2450
20289
40302
19134
1920
42621
53185
45678
911
24112
642
46905
2743
65078
18279
54984
54036
37197
5073
53391
28659
4474
12249
41640
24901
4507
40912
29291
51463
50006
379
16906
44839
42840
47797
47945
19306
64069
53517
35171
16112
15709
49879
14852
63514
2952
32140
23188
23483
64438
12761
30861
26845
55320
32184
58014
38026
36394
60439
6081
18333
6594
64903
51730
56312
6686
19097
46533
37557
14848
32263
60030
19761
50307
31989
8265
3853
51621
1134
19215
22181
60128
43675
6809
26765
31621
28328
18675
4778
15729
54237
32334
1689
21100
58591
9437
9837
56969
41054
17672
19215
51251
16426
22620
46540
2504
14326
12198
22204
32718
60012
34859
29016
41066
64119
32559
8153
848
118
49824
45816
53775
27856
41911
44989
9825
14682
50994
32712
54568
57868
27811
9172
51665
5496
52642
57786
8310
43757
3565
57372
45212
60337
35675
65255
1970
52641
30540
65082
40634
50260
59226
58002
17363
31039
60928
41183
19242
22797
48797
47375
28950
25888
50752
30085
15947
8857
18970
31263
3455
40280
1052
63096
20246
40366
42201
18233
59199
10650
31110
29179
49917
11011
3812
8820
2517
19437
58619
16631
31329
56391
28033
45865
8182
62819
59663
17094
48700
37288
24449
8492
11632
54887
54673
5512
49545
32914
56254
6009
31557
16081
120
6845
35739
28712
16156
2223
16307
29944
39648
57009
65230
10255
45176
62583
16600
31688
3746
50958
37082
4403
21982
27662
42239
50291
63423
42536
9086
44795
61018
34462
12934
44935
31218
58508
20020
30428
56517
1994
44044
36698
47478
25318
15259
61937
57103
30842
24690
58648
34265
8886
51624
57201
47552
14871
21168
39917
15481
2408
1080
37456
29733
46902
26244
3996
41499
15780
32100
12802
28193
61777
2699
19197
22029
42230
12100
16023
53843
11774
7881
6212
38085
14575
34741
43211
19305
62305
16057
54317
50996
10645
33700
59124
50682
61863
65148
23221
47851
4027
6927
59588
10561
30811
15832
24699
35190
49563
26730
47391
60319
1203
44771
55534
34949
33248
52261
41077
41476
12262
37409
45994
49861
62649
2886
31306
37613
26188
145
47545
44074
3387
54645
49417
7938
10503
8837
12020
6870
33371
282
29599
54891
26460
46377
55502
58568
23585
47350
146
29233
29809
21599
43921
33249
50708
44417
49347
60863
8887
2429
28123
45336
14286
22819
28785
24807
61592
4773
17195
58759
23770
35841
5686
60830
20265
56382
45529
57314
2263
45828
64345
43659
3451
31361
39281
63668
40754
36610
64280
35758
20903
56380
64175
45672
20426
8375
55394
28004
870
4576
48127
5878
21427
59062
64953
52509
8634
58819
57414
2299
26394
16522
4138
29625
59247
35860
11230
63682
59629
47252
9905
52903
29047
59348
24658
16504
48343
2775
43915
49116
51662
45774
43
59641
49871
17032
64355
15147
48599
26210
7295
8548
20170
36575
7664
15310
62997
23476
18122
41884
45341
40815
21023
33474
52818
35557
49416
36499
36357
8118
53371
14465
26365
57280
15562
20858
27947
21113
61097
45401
30227
11745
52305
29202
34393
64855
64009
26836
19693
5283
55606
13210
32519
38259
57824
11514
40738
26044
27775
8421
3567
14128
63786
24537
44227
11314
41670
26367
36912
54968
16120
50566
23189
56616
63723
1036
48039
17014
54542
16082
43804
5879
51528
52397
4623
17732
34748
727
58034
24147
57398
48264
10244
13980
50485
44538
53988
61193
39118
61507
54138
3836
48276
51499
16395
3129
50356
22949
26886
50654
24659
38193
15406
56581
9793
34197
17824
40058
42467
27594
35160
13797
53754
6871
58450
2112
2855
61904
12812
49900
38930
19944
3300
17583
36789
36284
62130
31684
12003
59531
64200
62330
35145
33978
26119
36287
31878
6116
1546
24870
36058
45468
25791
60710
46782
37304
11942
5510
8090
13244
62758
26740
51891
487
34056
27098
59546
25640
58684
29720
11948
42873
24808
4624
5245
32322
2273
57846
57999
31262
49037
20896
36246
34529
10863
55112
22175
30879
15273
59762
38233
2407
34681
9722
30024
42337
25521
51647
28166
14142
50482
55272
14360
52125
30867
7681
41815
43730
24282
3120
43802
63218
8872
8480
55559
64087
2251
35827
61471
60967
10589
60130
28102
33461
58295
62036
52361
64495
50595
11136
53984
52486
40333
24150
42885
54424
38783
42525
38914
39274
54310
26823
46199
41051
12847
61190
33593
16003
54415
9347
50398
62466
9487
64009
11756
8953
56890
50186
62948
10571
2756
52300
30268
13559
25160
59607
63884
49804
30843
23818
50651
49127
16602
40654
21651
36750
17774
2759
29933
54950
57660
17981
2259
38833
54447
9867
51954
27199
33331
7090
8534
313
55361
63500
10171
28843
39162
10496
49367
16376
38035
51102
55169
29894
27020
754
8509
344
4524
51383
26862
53847
31615
29263
37471
53343
30567
12633
12432
37989
26966
323
48120
35722
26118
52282
21871
19382
2647
59109
55054
29711
8149
46206
17036
21857
21279
54856
14781
27224
49233
56819
43155
33174
15172
2502
9338
63216
304
29156
56382
10514
5906
7587
7432
62171
63406
54730
29641
25880
48454
39114
62810
9962
45428
41668
8313
2019
37779
30452
53862
22811
56738
9491
28270
47090
8779
55722
742
18326
41640
19651
22732
45380
56266
25674
64558
55955
26178
10737
49831
30245
17136
41973
19420
21180
62585
15384
27090
9067
36178
45516
25373
15242
22550
6301
64999
13417
34702
32512
6237
59559
47517
58332
9677
13000
54806
60735
8177
65495
35028
24856
58142
63446
30695
65240
8970
3259
54239
54513
19701
60917
50188
23502
53782
7756
38450
32879
27342
44910
16626
29644
45042
44182
61729
41026
28373
4531
53033
16164
1838
27466
35977
62555
20595
54963
5473
34904
17955
25095
10656
13072
47731
4248
34291
187
7141
51618
36829
23390
24792
1592
64265
34576
34004
33989
37741
47990
26871
24797
32085
63089
53277
62356
62604
36040
51128
8354
6364
46673
34062
28505
57376
33391
14168
51656
1199
2581
24424
35173
8058
17454
62054
18114
17893
27503
55835
8575
62587
62938
33966
48247
18371
65380
50435
56627
59274
10811
59357
19484
19213
13890
53458
47377
34743
28330
43792
56243
7768
25274
10546
50770
44393
31445
24512
33947
37085
33748
64088
62158
57974
37381
41266
12859
19617
18189
40724
2839
16660
30433
23794
55918
10212
58072
7906
39945
27036
41273
15867
14534
4438
44478
52933
63854
8493
8152
21854
20294
56826
57874
12850
26334
30596
60759
40997
31303
38710
27065
38327
8956
65485
44409
35435
55734
51517
53627
45774
34106
33927
56037
30483
18919
8578
50147
29473
33465
37481
25082
30406
26707
10151
20581
42622
60169
56329
10216
25260
13394
17692
54538
34819
25450
45467
37223
8023
2885
58488
24067
11282
13409
38362
4402
3865
2529
23309
22029
38392
27313
33475
19035
18217
41364
4816
6981
924
19439
32863
33676
24748
5340
11822
27318
40073
64798
34557
11956
9001
57582
12671
26491
62011
41279
13867
17101
1328
1790
13083
21557
30112
6912
22952
16450
60983
13570
3869
46301
7573
39179
25903
18822
18658
14187
61178
60019
63086
34088
65440
2412
49965
22327
60179
8738
29958
45390
10282
64097
9986
34666
2172
4115
40017
63688
42098
58732
43689
21220
41834
47345
48363
20783
4825
17850
18329
52323
45014
60025
2045
1638
40359
51655
1107
35723
2213
12384
16002
52838
22678
42922
49309
18584
41020
21
37376
46087
51933
44912
31040
29223
44950
1510
47729
38867
46826
64870
41460
23508
51363
59195
23513
36212
11682
41877
24829
65399
28366
14168
26867
56788
6425
28206
64703
24305
10496
25484
11
16055
38196
20443
54045
13478
12791
57015
46244
15355
42304
44052
43511
56179
56887
21346
54068
56073
51939
32868
30269
50637
5265
8863
37807
13816
44910
33296
23089
44398
49223
15892
60204
34621
52448
16841
11516
52845
4695
20343
42851
21244
24133
43053
28407
51800
14136
15909
31899
14153
33866
52270
8821
9771
37794
21302
26075
6728
2544
51896
61853
43953
52413
46630
38338
40454
11056
64844
48786
5730
3913
15787
59484
24794
48911
41931
15226
63486
49290
39693
3806
46625
5975
20889
45757
9075
5825
43977
28254
20994
49582
15564
50115
55769
61642
17665
57677
29266
4562
23785
18995
33765
15409
63497
49328
39214
35133
39586
41455
14134
26035
28549
54560
22467
59841
20510
15053
27918
57916
5869
16363
65470
63403
43984
27854
40346
32902
15833
8294
21205
50870
31084
43671
12451
15075
18200
1578
34860
54236
58726
37996
22034
6306
32161
38975
8176
10548
60780
54889
50375
20694
55833
30045
45706
4862
25423
56873
47908
13423
38749
44378
225
28602
19402
16707
29563
49980
46736
38300
907
1743
39457
17780
56986
34889
39
54742
25292
50985
38214
38638
29516
19637
14828
11438
44177
44261
61360
42457
14624
59484
3290
14842
49803
30953
50438
837
39923
40387
24014
18136
29423
60002
5198
62906
19135
18699
16678
9402
56331
46294
40263
12646
4459
4179
40254
5139
42426
20254
44025
37653
15226
22002
23623
46672
37644
64307
27657
33555
10127
55894
353
22856
33998
17392
16446
40126
48950
34517
46702
6061
60729
30398
63727
20834
38503
61048
25752
30998
19475
58676
5553
29637
28926
46827
20816
26258
26009
43852
33019
57146
43561
376
46795
46352
65299
5978
1212
940
6978
51109
55758
25044
2862
17426
35209
44609
11347
10871
47178
24606
3307
33422
44734
47570
711
32952
17116
25181
63929
3872
33757
13483
41278
7959
57558
14365
7341
64622
42504
58282
16545
29933
56346
42543
56349
41968
7530
29905
53879
16643
49952
57668
56801
40593
44454
40752
15152
16124
34539
49692
3505
18137
23122
47944
40415
49587
47257
45332
8252
11388
4087
40876
59730
18258
39831
8597
46261
17209
35680
38023
26348
61346
6927
1726
2888
64135
49602
52616
63626
59712
18168
43942
30713
14652
3221
47769
52620
10674
44120
45467
63865
9040
33562
11116
48172
52438
32725
24795
42736
49716
65226
15986
50927
55234
11863
52128
54628
17456
64557
62482
51598
29744
44493
20265
41093
48925
8761
11348
49673
33577
48318
271
62333
62271
58688
16776
41761
38312
32933
31711
61862
1534
31310
42829
49450
57173
15975
57711
23526
4532
16114
56622
15009
50177
13368
33050
15356
36584
33215
6330
52157
6405
20185
24436
61237
12842
40239
54173
28008
29278
31105
32457
20056
27153
4409
13662
32577
34341
43650
49847
25863
58075
9411
14715
16651
1264
58166
9110
28431
57570
47033
46947
28431
37914
23774
46666
55604
11321
9833
37739
62337
45814
46941
18452
33106
8079
57404
34011
3313
32813
4799
861
61425
60177
45882
65030
6730
1140
39483
21262
60674
58159
38801
52204
480
64672
59502
39516
44490
5487
38494
3185
50799
4790
60316
65342
26962
16508
6182
17732
8468
32957
14671
13414
44693
63490
62925
10637
29463
55904
53477
21727
7465
20613
42016
57363
39184
27480
47553
22509
30557
22721
49741
47693
24997
37420
1628
60438
36636
54701
58820
53036
16695
33514
6212
52709
34616
14221
59507
37356
54480
28875
25718
11673
23879
51664
50877
21257
21708
48959
43834
65241
62018
26356
33934
51024
52311
1032
30990
65420
38371
45243
55045
22656
33089
64786
15339
53696
14734
42718
58579
45746
48848
39788
21783
37145
17080
59533
34641
63880
13007
2273
2116
62225
36637
9567
63969
2111
43806
17529
15501
4235
41739
2947
42529
52571
1383
59561
38749
27287
52771
55584
32050
18863
48296
13615
19680
13713
58317
38933
41227
25786
25944
23743
45679
31409
64184
63185
25563
8064
31334
41078
51144
25015
19736
36025
56529
42233
54214
1138
64072
40543
24890
62663
43931
22101
14604
28376
53783
54491
49831
19273
748
44054
43821
64811
14641
56011
41391
53357
11160
40681
15218
18658
46501
39851
4241
53711
42755
1931
64412
26861
57214
27460
41035
7450
39581
56979
28023
31053
13790
7044
62191
56361
29770
27204
36764
41592
54458
15068
54101
45832
47274
30793
22845
38517
29445
49731
260
47664
13182
53978
38232
48443
59139
57552
11336
64891
38559
63451
40187
49841
36647
65012
26394
53113
24722
53732
29360
39195
5224
55964
57617
12749
42246
23941
32168
57878
22322
14910
4698
50021
43806
27444
64751
424
35218
33820
13104
32988
62590
48262
62369
56610
36294
63440
50251
43289
12998
54951
44298
23696
65245
62460
40045
40061
14564
411
51339
13975
10335
743
25955
29547
61253
31945
11680
31610
22830
50323
33126
54606
35746
30884
6648
15534
17412
24658
1589
60060
12239
63917
14839
56454
8250
62999
63379
7232
62287
51520
29031
21711
42318
1964
25816
63023
4796
28103
9592
40778
10433
38538
1997
22822
46346
41653
33245
61533
7147
9046
53163
6508
57293
41829
47174
21348
5770
62483
19963
12159
33153
45694
63678
41139
62681
50570
16276
26332
49993
56030
45554
38086
13250
29013
28968
57133
4434
8827
35209
9729
26394
57220
35235
45203
13152
59451
57471
15231
14849
28540
10455
16895
40732
1464
21429
17050
13889
36617
27195
18792
7625
44355
30694
22589
60430
55869
36418
43529
61694
55985
9219
11810
58748
27248
36393
52634
27566
56847
7224
36745
19875
23275
44727
17871
41153
46292
38107
13389
53240
18630
40561
24467
53327
61667
8221
52687
53100
58735
21106
61636
51401
6520
33645
50567
62298
40786
40327
51191
33322
55891
39358
14824
778
41348
9661
40724
50262
11495
54054
24357
51262
33885
34399
33900
36359
25247
52219
8484
47855
2254
48522
2915
19641
36735
8444
4899
7103
8089
3229
40742
54616
21366
38974
60452
56896
23973
11638
22514
38207
43090
32164
32217
14625
28578
16402
57070
52200
38809
52535
18069
15117
42905
29201
49343
58165
50343
14326
44453
22969
55088
15724
32071
41145
61468
26046
50765
56948
9745
35969
11096
18657
24836
6724
9212
12191
44761
63537
39386
17077
24209
24270
10219
60990
35092
46551
63623
43318
9372
3801
33187
54252
10475
42141
47057
24178
47394
13199
17910
7339
44727
30074
34632
30049
64558
30154
37207
23392
49127
42706
15276
47942
53215
64650
21345
63219
60595
47733
10907
2335
1395
64672
53673
1860
10712
38068
60605
39571
25648
36717
36414
20856
1146
2231
53062
63196
11532
4110
46256
42806
4009
55365
25469
58210
49892
5714
24587
48633
23127
34772
40184
24321
58493
39186
64029
7672
34830
57
57584
64574
35250
12447
62712
24674
59873
50740
26932
53488
5646
58466
28591
14676
35732
62029
7364
21483
7744
20722
18138
56125
45540
43400
714
19475
3711
30466
41709
14873
49475
11172
39026
44914
28457
28082
49721
7030
45694
14495
9185
56856
47040
24578
53117
54718
7122
50686
65329
29296
11248
65102
38470
6685
41134
21277
11305
30127
18670
1062
11614
43084
11842
34869
23073
20611
49578
60556
20946
46618
55978
11156
31428
62617
55107
19709
64227
19464
22374
27912
58421
62626
37712
44459
57824
38327
10373
5599
34659
20048
6170
49999
37613
264
36641
16278
7077
25256
56433
29777
5245
38292
46240
31482
17030
14200
47900
24837
4735
48256
2093
35771
9913
42068
21815
18209
36596
58724
60140
4586
19558
41813
30786
24280
41120
35199
57291
13316
28122
2725
31656
46436
62760
20392
24839
50873
36647
42211
32118
1604
31753
2868
37174
28739
41773
59649
22890
36470
8252
9654
38579
35853
36421
40828
37834
5139
2219
8473
3978
60084
63872
12269
5976
1895
21472
19250
54146
55097
26644
53990
4526
56256
27092
40082
32855
44361
45836
35605
37700
34481
48116
37802
53018
52652
51287
51326
44265
17563
27414
459
50416
45066
31611
64364
57361
15350
18858
32577
30147
34014
22841
48673
5695
52498
19396
15523
40565
10370
22138
5323
39375
16126
9904
33029
4935
45675
56355
60591
3198
25544
56475
5368
59485
31568
60549
51873
6621
7442
49222
54838
59330
5137
55324
18863
8973
53842
25506
38222
18829
14982
46290
31597
18526
807
57860
64022
46552
38370
25496
59462
63346
6018
12337
19860
12558
20562
33079
32373
6785
43492
21752
610
56801
45284
46379
8710
20748
9379
22380
38037
55877
58594
19765
25670
61799
41999
5874
40950
11312
35820
23434
41313
40026
11252
19201
27991
2260
44882
11730
8450
57775
24557
32638
2418
28025
31818
30537
36816
63874
63972
27945
41620
13408
52597
54412
55168
1837
34521
10726
35677
53496
35478
1541
34800
9864
41074
6913
39542
143
55657
28389
38412
44559
15384
3956
2129
33243
6186
4072
36800
24286
60812
44330
16729
58756
7192
36861
39611
37493
28587
54025
58916
8412
30902
56680
12101
34981
50046
5065
26921
6946
50045
29437
41196
19138
64987
41923
4307
54539
14710
20745
63321
115
23503
3898
31846
60759
54898
50758
10781
51275
43548
26004
35125
21986
44183
10339
42378
14516
16396
61415
4052
37607
51610
27137
31524
30238
58198
20965
37262
49434
868
49922
31362
49297
13814
4006
13510
42651
55229
7750
34016
51410
10347
4891
53908
45156
22048
13448
15259
42927
742
62646
30485
13004
27866
40312
27255
47590
16941
40126
33691
4095
23254
8463
33093
14774
39331
3614
62437
31312
5950
55603
37324
15682
28416
17932
37379
34802
18945
147
47749
36094
62756
50251
3839
59178
60985
35328
31809
31435
42008
51237
58589
37383
61935
40686
15027
27242
27251
17227
39800
51563
29451
19928
52127
45368
4654
27435
41936
18569
52604
52374
37477
43474
24224
33297
34518
45475
37523
57177
43337
52361
54728
17850
35076
52026
29401
39281
19073
61379
30845
56911
26970
49379
57419
4569
33361
36605
9212
39254
12017
31084
38423
47924
29855
52216
42018
44232
39366
4019
53305
4809
52891
58951
61837
43039
20841
12740
37573
34921
10839
37605
42974
2198
34646
37093
12019
7000
4816
21852
18410
53710
43904
54193
57511
24120
15504
18772
46327
37505
29174
12748
28915
65201
47545
14064
14398
21853
42454
55124
28069
40452
40852
62485
56452
13662
51654
27197
20769
9469
60931
57846
48219
42632
15124
27091
13284
8078
31897
17821
21404
32957
63457
39225
2860
28901
65441
13707
35232
63286
26150
4146
47885
15819
47009
2217
45472
33367
61637
52080
6568
14861
13204
6378
13386
44534
33210
1418
61326
32130
27244
4579
16020
18918
65207
40496
24681
32456
29127
45485
61889
65298
3525
11585
9126
40308
24647
60849
30511
52703
51593
48744
37899
9943
65156
5537
38414
19434
25399
32584
27515
21499
25517
62940
38913
36981
53403
25395
20072
41658
37575
19314
19505
29888
47160
27720
21835
22794
28713
8785
27554
13919
6431
56053
6387
51332
53308
961
36029
40339
49888
3029
6502
38662
44767
45837
62525
50641
27583
64310
12531
6626
34448
31267
53159
36583
64765
42047
27248
49250
34942
33822
4257
3814
5711
43834
15219
56664
5150
56750
98
41765
50970
49589
57613
43740
22888
1483
22890
24835
58154
10263
52474
23510
54315
41162
45490
58141
58855
18246
9173
34717
48538
18918
5410
63775
22066
3233
46787
63155
35004
19936
7877
29757
19330
20807
34410
64138
22088
21356
33736
16874
63989
13127
34787
20188
16781
21875
10459
32519
2915
31902
23598
62607
35276
0
26254
36312
2
14992
40836
33245
18918
3072
7433
41167
50028
2141
22511
13096
7794
58632
52002
13645
46720
19512
31086
64475
22413
45714
40928
48960
28097
63673
57221
46447
16354
27021
5533
46140
39496
31093
29739
1795
22904
21926
54297
9887
25849
53145
36043
8146
4555
64252
973
6271
42480
6224
7836
27483
44956
15469
44291
13789
3164
33656
40545
43865
27384
26991
60469
9127
34202
29463
18909
49692
29812
5742
51657
24582
59203
44147
4901
51634
5220
57557
34454
19219
41090
35593
55809
54276
24640
28494
39925
58624
48825
29594
9220
5196
43972
31439
8206
50723
55658
18906
21926
62678
1531
42890
58680
41135
13520
54978
65284
20794
6589
7483
56024
28149
57689
62303
48509
60670
54608
53494
27185
1303
56453
61567
60718
63069
20617
40057
5831
29094
34062
36009
17967
41140
31612
15494
47726
52874
58284
5971
58736
63090
29578
51541
59695
54090
171
40465
7244
37811
57216
18190
44207
13814
27132
20894
33015
15846
34485
29553
59952
38910
13496
51724
17094
20101
47589
35545
60972
9299
943
4921
25310
24198
64336
60255
9846
421
57565
40559
61013
12783
7189
36761
42737
22084
30368
38775
55659
17418
31209
11254
59981
40891
12666
25227
51672
27143
2904
17175
3883
29830
8894
32677
47503
39852
34696
48524
51015
49825
65375
43702
19061
40254
46211
61841
20376
30719
47893
7234
63714
49830
24713
36321
54135
21039
3411
41985
4500
27113
64594
42021
17216
53551
46271
48152
2603
29043
1225
43161
63931
29561
13654
56386
42562
28921
45285
57201
5719
56595
4471
61482
47934
14621
22564
40587
36539
5726
3919
26288
44250
59957
39050
14538
5027
21157
36697
56644
4917
53602
26681
62016
15158
33310
36840
52722
42409
1750
31440
9721
52117
20609
17122
731
25579
191
23318
17398
8380
3782
26181
39214
13284
871
43825
54337
5425
61221
13293
42896
13084
27280
33948
47376
47838
40260
37515
27172
13546
34566
52990
59171
58310
11541
32320
62720
55273
58674
8729
55650
260
35531
35069
18630
43417
14176
10407
3809
38948
63426
6652
46029
23777
25826
12141
13293
47461
38564
51984
15755
62178
59317
48994
25832
52706
5090
36554
18996
59621
34266
42781
62429
52162
11
51681
32541
49194
22459
5597
61251
60389
35325
27629
29891
63258
34991
61707
57144
53524
1275
38998
36479
9026
57644
46893
1292
56422
45413
58289
24983
11793
31974
29172
35000
49504
28259
49780
3288
51062
372
9089
25045
46658
47744
56328
25648
2279
37341
38904
50764
8791
43159
49938
21582
42623
50545
118
772
33932
45456
18839
42951
868
15077
41652
35833
23895
1516
6368
938
34001
9582
48972
14323
1598
34393
34365
7671
34791
40130
10424
62748
24747
18962
38050
51888
12409
33292
30615
33233
26758
49300
14736
50395
15684
19213
33303
6824
61206
57065
34427
21755
41624
46746
14850
18332
5899
61745
32762
42099
55894
56986
37408
35829
31683
47110
63399
36471
26022
41992
14628
31940
876
44700
57860
50794
39881
19551
15929
9076
5448
33636
61875
35976
2449
37772
58347
18596
45175
27880
47325
5936
51696
5815
12940
20927
40666
4746
10167
6172
12333
16453
34371
28344
24258
8245
35193
46877
49141
27491
37580
43378
23968
43504
62764
36552
60701
9696
61282
31574
5138
1430
28069
51903
13266
15040
23344
52603
6538
22290
28966
47991
39908
14486
319
57478
32027
26771
36787
111
52766
8388
51119
5335
3141
9577
59471
3905
2158
2908
45215
35389
32189
2783
53046
15801
13544
21864
31668
14881
10646
61153
191
52369
25026
56987
26236
65333
53441
41552
14248
45699
61595
30359
60467
32523
33964
40529
11088
22701
21549
30174
47748
16110
30158
43058
3495
56888
21380
50730
47220
26830
58718
33923
37088
8621
17733
43760
35593
9696
15749
49955
64349
22481
44771
12336
59715
31128
23907
17384
15020
55613
37950
6128
58158
58656
2942
53550
204
27518
47412
56772
29148
22062
31369
40107
42651
29725
44024
11886
51313
20739
8960
28143
32367
25487
46117
31380
17595
21256
23537
12965
55045
31104
12631
62042
27679
22926
55184
57073
61367
20852
42819
7856
5757
31983
25261
2878
60472
22636
16126
11160
45763
25242
63343
7833
58163
35946
13656
51956
52283
30139
33275
50817
16270
36694
18707
59506
20410
16159
36468
23788
29201
29473
38854
25242
965
46806
34737
57995
40138
40229
10035
21855
24903
4488
64843
12087
5259
54273
29739
38760
54582
61258
10677
52238
61558
18527
27986
44795
15158
51861
23937
28889
41857
4970
52614
10761
18845
51846
25884
17222
9446
26751
10380
19
40138
4223
14796
10435
1644
62850
10756
53548
9971
38346
4095
31136
10561
27923
49519
24896
42747
19488
16719
65412
55100
1952
1476
25528
46168
14234
22222
47511
11156
42871
52115
61285
15367
42088
63791
57381
12517
8383
32648
4188
12768
55404
3773
47423
31468
21087
64030
46540
35788
4301
23616
4951
38542
14144
46071
47075
32714
25296
60121
5298
46173
871
15524
45890
43641
10498
35052
64489
18742
60619
56999
38302
51596
7760
56961
55940
18203
16205
64680
35089
40832
29657
11461
41088
52735
32970
39920
452
19623
3916
62276
51842
58630
248
32824
15287
13668
40218
9594
232
8409
27611
56723
56278
28220
10912
36683
37258
63719
25620
48826
29546
2001
26759
28747
26488
64536
10862
37536
48653
773
5960
53394
14627
36326
46608
14273
12581
30994
35695
33468
8167
40417
22312
41664
60345
47945
8105
45946
48700
23191
50650
56482
38387
24071
58236
1521
14571
49572
24846
35970
50112
62453
16144
15058
445
29086
13597
21311
3707
4084
55011
37058
28025
42041
6149
38276
64911
160
15379
11254
25359
65387
27153
8647
10808
28726
52823
50764
58633
12248
49915
50607
5535
11321
5108
12259
54517
64428
43668
17697
39350
7431
34490
22150
9565
62554
17293
22691
12324
46259
56457
14026
14765
22405
21437
35462
4985
28259
57883
7853
4312
55816
54292
22590
21008
48958
24607
42295
54274
60229
39645
14201
51719
14941
53501
53143
20635
58281
6606
33998
20006
27561
364
14084
3243
60899
7874
26050
11834
9883
32036
40733
22668
30303
46716
42807
36120
31461
44979
36013
65325
40351
12480
783
41000
4841
53913
19171
60754
5917
29210
64178
30820
18258
55193
29082
40310
703
3241
42306
35573
51976
47083
28234
16060
26794
47828
54052
58639
38473
59622
40644
20849
51459
3834
40654
42953
61973
47644
28721
25926
43985
3045
4348
46537
39683
10462
41100
38916
51763
19195
12104
40523
20536
62876
40301
11236
10614
42804
17333
58380
51569
23985
3766
24793
62813
44914
24282
59292
55695
46897
3191
7252
62403
60237
8260
28503
3687
64034
2545
65368
36677
35674
21762
16387
2114
28033
49835
26410
43490
65326
54197
39601
8755
1560
8161
32911
71
18800
60922
35697
12599
27602
45340
50771
22417
5975
24302
18392
59363
29116
18194
12835
11782
50884
46384
45916
24465
43310
47834
10738
29716
46004
28494
6098
21401
36815
54346
35319
26026
61268
664
49508
41598
25765
34165
61811
25926
18348
8334
63834
24012
64953
55967
28761
46367
9242
64495
49651
16232
54283
25885
39975
15597
2039
9275
21611
50349
60932
41893
9373
20860
15997
59836
8020
32640
31380
18674
31796
44427
32856
17381
37752
15388
6445
41033
10781
4224
33131
39604
25933
12584
35536
9863
27685
19652
61347
19990
43465
8664
32910
57669
52391
9757
18161
33733
25954
5000
41804
6762
44145
37162
58968
59405
28426
51959
63878
31581
21977
24897
59692
26885
38626
58436
42820
7209
10122
53861
16785
18407
20772
53773
31460
10183
39509
48092
53750
59829
44713
13341
7491
11078
21802
47139
53903
24964
3032
39417
44612
9234
17042
4327
16861
48202
31842
20286
2276
26738
57338
7671
65299
26945
60979
42931
60219
15427
33908
41757
31263
57155
34847
12921
6338
44215
13462
27946
22934
49162
49310
64170
53636
48886
58216
6138
16823
36346
13583
5348
63675
50121
12873
23414
9765
52689
55992
23855
62995
18817
55734
11142
26037
52279
2704
56636
45670
46779
52878
30427
27662
53675
28625
45775
29457
44978
21794
49525
41814
18693
31860
44584
55691
4062
9604
14003
44834
61071
63686
54368
32104
20736
58028
49816
6281
16013
30902
41173
25095
3576
36631
56557
14413
61271
59779
1195
2479
5033
51146
40610
29774
11058
45920
60341
3347
39672
27732
51186
52234
43292
59129
1508
72
59166
11508
7342
10402
10339
22631
25129
25367
50268
38848
62824
53502
25862
23068
45165
242
46658
29098
61913
60360
9075
65016
46238
48036
53984
28359
33551
64859
50841
22020
12368
63653
32043
24894
20179
56345
1928
28123
7576
15735
13460
6569
4672
42881
19205
9768
12018
14903
37122
50009
19772
50541
4698
50104
7912
59883
23431
11108
48013
23937
347
62633
50812
63076
57985
4704
295
17560
52821
32042
1714
24093
51805
44410
32949
30668
41148
17711
57761
9828
48801
40161
17813
41789
56474
61158
60860
14662
39789
8192
1968
44430
24118
20254
18983
1191
2173
56988
25415
25587
36446
32176
8877
49594
1385
19552
25425
42360
5186
32143
880
35650
13868
7975
22630
65444
57515
7267
58006
1573
14818
43502
52188
43380
35317
40641
47233
44967
37295
52847
28881
1962
36156
43588
20738
39156
59129
57076
53414
5728
35228
44130
48432
32470
51472
57500
15300
24956
13942
36020
25822
30932
59507
5536
10213
16703
54204
14919
28248
30453
61809
58681
6436
50614
32348
47713
8973
48597
50749
28637
46360
58712
21716
65434
7280
35649
35664
59881
6718
40316
34374
57036
61227
3370
40642
711
51850
46820
29500
22927
44669
855
21792
13918
11866
32858
1406
43611
1554
34487
23078
5647
14146
28370
34283
30904
28169
19489
42591
35754
45197
36633
32086
46138
20938
49390
62386
10033
35954
35100
52481
35475
64453
15660
16800
12147
12801
6433
53696
50983
40431
6282
20605
19323
9404
2697
65366
1812
41036
32640
47891
6635
62867
34131
51578
2028
12639
58716
20220
9032
41853
46980
60294
22901
10773
62085
10941
46693
12257
41184
17928
25488
31180
12251
9600
37295
57881
58730
27875
13850
14331
35108
34424
46726
49201
63115
31157
46922
9189
57280
6620
55254
5807
62464
62655
63124
42453
53603
64087
49807
34273
5333
39127
44572
14931
53458
43572
23510
25200
19543
27071
22665
53490
1875
51209
42790
64562
25563
48112
48532
17889
14753
23836
18565
52617
21754
47271
57622
34271
23566
40339
37367
52275
53531
22087
57549
2108
3416
16536
30333
41579
56215
57965
22009
63937
34
14898
25870
38719
22143
4108
36109
13826
33286
38981
58604
15531
899
30472
34867
26583
647
27249
49881
53916
62286
30404
18953
28098
16286
19349
52971
4818
44044
36726
27883
23727
30021
65477
62151
23573
6286
31648
48950
8150
334
30472
13108
34785
33830
61636
56544
41765
21203
40339
23656
24387
20050
36241
11171
7710
46223
59473
48581
24141
65394
50624
60262
43456
43392
45990
53654
1954
30742
10561
50991
28462
2965
52315
28254
46162
16896
30236
17109
39972
62166
24436
37945
59331
27849
51950
25309
25019
35486
28156
51452
52428
10995
37832
62052
33886
7400
32167
21496
61504
30808
39783
38489
23460
27902
28738
35490
741
29584
63974
63343
40730
58921
24671
44045
58174
47700
48875
1236
26288
61184
29269
11670
27156
35980
44421
21711
44942
44198
20789
54651
5688
36994
8651
1980
61957
63762
40517
57845
2394
26301
46901
24860
44296
54111
14223
10405
36921
8370
42732
52407
49753
58604
40401
10009
46794
15709
41307
45374
45138
32414
23879
54575
61153
27098
6411
20618
36400
55368
20281
64494
29405
27621
45910
35480
53812
16329
17009
37816
58666
7847
8196
33282
30319
59745
30999
17190
31155
20957
42001
47608
32141
62021
25789
14222
57211
6182
8081
43276
37525
34883
23975
43305
25495
54254
45591
53891
3045
52021
57703
62084
47908
53992
8783
56660
64079
64154
45246
38059
40111
6187
30679
23740
11374
8527
22170
20744
50806
9672
9156
16024
4338
65292
56137
9172
9975
26005
40799
50669
60205
63849
31037
34643
40200
1327
21005
48627
20962
38350
6972
9675
44041
32295
59367
61491
61436
44980
25378
24050
16801
39888
46578
52454
50784
50782
15091
24901
25721
64291
47440
6961
25284
32634
3170
60542
11896
61221
52243
35762
11537
1065
55084
25228
2636
32797
5314
22192
59054
53662
55408
58876
6771
58963
15337
48961
42544
55336
19750
20250
61673
40264
29027
15577
37513
7410
58369
56659
38432
42034
13482
36958
5122
60385
14655
47180
52031
61890
41354
3743
54680
38105
7584
20331
58329
15243
30769
20553
18539
26573
15777
21172
5052
43188
64248
51154
21509
58174
56687
37605
57703
54012
1499
12851
7438
10000
49324
8198
14889
62359
54898
45089
53172
18617
59168
57584
62364
19083
38571
29909
37643
40477
13067
11775
20102
9994
63872
54235
9325
61302
26259
26103
55361
44572
57825
59015
28116
367
2383
13108
56814
15092
4985
36878
9832
31012
61223
26191
9722
33309
47630
60086
55631
52681
43579
48139
12021
62668
39005
22257
3269
36503
64891
12885
50817
50440
47520
27333
55622
52837
10368
52521
53961
43387
60143
41177
33544
40846
49185
55103
29282
58813
58325
62378
3298
39555
26384
58361
43374
25847
56215
22444
52201
47424
3842
52755
8346
10509
38606
110
11340
23171
21605
2921
37890
8001
40491
8905
63114
15581
60905
49819
25133
17644
5716
55639
31681
39989
63566
64152
5217
10410
49729
17882
51722
61125
506
29405
27777
5357
10753
15190
52505
26188
50828
24807
56810
33086
50478
65406
55000
13135
18030
26515
12808
38637
64129
21956
32240
58618
25917
49785
17389
32061
34913
31634
10893
20429
64792
29713
12125
40441
42639
10417
29627
59132
49490
33543
27229
51706
37541
676
1482
17933
10645
55529
33849
37256
36481
63824
54063
7560
21172
10896
56609
60660
52207
41111
23866
8479
43418
41914
44472
18117
39666
22483
40503
36465
35422
18761
6235
13233
64238
5636
61294
31622
15181
51220
59641
22542
62476
47503
58446
3367
63771
35567
16540
60251
24380
37989
63703
27317
14245
1995
3319
7414
43402
53094
10445
57651
64717
32646
14157
50647
9590
33257
55298
29227
37184
32432
50753
57770
5674
18146
5719
7524
58966
6954
47075
36129
19389
8786
35194
23943
31670
60968
40455
23543
61923
55592
28976
26769
57341
3607
44752
29314
28029
39884
12297
40847
47895
61436
61247
8920
17491
65068
5905
51432
28398
8509
51947
28944
65257
57404
27261
21650
36864
43467
15511
52793
3406
14889
20493
34884
34025
23893
32488
57017
12372
40461
42315
47304
8924
13830
59610
31274
32768
36921
65362
2285
45538
34417
23666
9471
9867
31371
33216
60076
15945
8822
41936
15415
11916
50099
53938
14370
6314
5712
57492
30888
1393
45679
10861
46451
57167
53078
23293
53155
40889
45641
33039
30243
53458
44715
24172
48459
50419
59525
36862
58386
4827
63258
11059
42535
44928
61203
24472
4829
45026
50159
40507
48384
2096
49661
32156
61985
6994
31421
36776
33823
26304
54326
5835
37549
58945
26178
9325
61565
65236
12684
552
53511
37670
62190
20676
37313
62993
61053
18561
64527
45132
53562
9416
34507
27974
33092
21876
61723
14699
64715
50969
8441
57249
10899
26039
33183
40807
48757
27371
23063
48624
51116
47233
4555
4070
9831
48194
16698
2371
38257
1781
63402
32274
9091
33750
65516
5892
47182
17949
45319
9749
38165
53696
37512
32478
65046
19806
26536
56360
9243
20029
41785
65453
19058
38608
29955
8867
34036
51977
10736
20646
13805
59476
50195
31509
59234
18847
15734
37976
54189
2840
7941
19607
18781
3385
10883
1229
61818
4072
14921
43472
58093
32579
22277
11286
18917
3290
52775
37319
26993
9305
38242
22285
22667
20742
14751
41801
25760
8998
53943
50153
62850
18123
30173
60343
49434
15399
7108
49535
32252
7959
16154
57657
3716
53497
10084
3780
2644
16061
39783
6246
32112
63828
15557
65404
10846
23786
55166
14487
10318
8708
53409
35986
42122
46873
37576
18657
50319
12536
23523
50166
16250
13171
17058
17135
13692
203
20600
15869
16701
55272
18982
64714
21962
32333
56079
43087
56812
60062
64061
14867
24245
6331
18248
56264
55729
36594
10031
49805
3995
56852
16052
9765
60708
22944
33416
36035
52033
21760
7301
15278
39519
15432
62110
6772
46412
63207
12398
9989
21652
18179
23778
30899
56991
15810
36900
26155
418
9427
38195
37615
33966
53223
663
49417
49711
42298
57847
51697
20338
45973
18943
56446
1312
2005
24934
48637
40931
48906
54236
52561
19512
52579
8711
11385
1749
31078
61198
60718
22717
43117
6343
24467
46313
19470
43112
38662
39212
64176
60169
26729
49608
34889
5591
62480
43470
20865
55629
54577
62312
42790
7758
1524
8628
17619
21282
34969
45213
59846
31916
41506
64112
38092
27141
60272
40139
49979
8026
43223
6313
2844
1229
55401
50945
45273
7598
46770
27468
30401
17956
59394
53666
12091
33655
12870
64128
24030
49686
56001
46896
26021
37926
63015
59235
26676
39005
26720
60495
28858
14141
16949
23505
13144
65193
64684
6569
14547
42524
62070
9171
21194
20769
4249
12659
51021
52716
54738
37976
12521
52512
23196
43560
42873
62082
20084
29221
57239
17732
49542
54097
24028
18555
50425
40025
44334
12274
10589
45198
61276
46962
1344
30504
65311
36284
39414
25146
49432
30556
44945
39876
60809
21776
16361
8818
25165
24210
12511
9294
38160
11291
13136
6778
56244
50306
32395
42174
63578
52166
11785
47456
58444
35984
57670
29407
51803
64338
47377
60064
19916
41327
22304
13733
64333
46726
51304
1539
21783
49018
39208
14625
52223
299
22630
40485
43623
59942
10249
27435
6991
5960
49464
37036
31668
64906
4725
30016
37213
26310
8200
51592
64329
52696
54750
29770
21512
13763
1868
4718
19992
6088
13375
54099
24230
37690
7238
1647
17779
40706
56466
1969
124
6238
32590
1086
57858
12310
5637
49773
19742
24698
49794
61677
18088
8666
36858
24283
6185
52008
6907
34614
54428
11668
62163
6901
43928
60729
37632
32709
33118
304
13903
31199
20554
33434
28871
39556
36843
59014
7194
64063
61146
20791
59574
50754
7000
14407
19763
19222
29207
4961
36717
19381
29987
58477
59337
44775
62302
41978
28692
36283
41307
18892
26265
4353
49172
28712
24076
50288
22065
11868
62079
53256
44616
23739
14149
41457
36640
2507
7436
53139
722
28827
61439
4940
60253
39929
18580
14033
6807
44244
15271
30205
27248
62387
55036
32949
20701
14477
35119
12514
64654
47291
43871
61036
15573
28871
4385
63936
64746
23752
36926
21720
41170
11740
53850
2291
49541
25781
14546
54011
28098
49090
46130
42802
3913
48907
4064
59481
40037
38802
41998
58761
29566
58156
20757
33525
60467
37445
53014
9497
5805
17932
47159
58614
17217
52506
53516
25687
6297
10824
22877
50529
22601
49779
39300
31486
2759
12422
36958
48465
53171
2174
15174
44628
43996
33208
27841
55559
8982
6705
40618
41549
12622
9654
27845
24045
22282
18534
52842
3859
30983
32756
51624
50587
3251
51689
19155
17421
16084
45767
12810
573
48795
40501
57813
10299
22802
9102
54149
64890
11665
43903
56845
34046
38877
45416
46311
12716
63536
31167
17972
15079
8618
53057
9664
57496
14389
38825
32773
26055
25148
64716
5057
48615
60689
62289
17637
25337
62558
27366
18675
47079
30158
31492
36144
37258
13595
61129
14766
28718
34367
20935
36238
28524
42185
46332
23456
15239
65378
2587
40244
23349
56767
45220
59332
12454
26395
17041
36895
53965
62766
64254
23052
36913
25895
23858
4441
51861
35729
17216
37085
60918
44273
26622
33013
62282
13090
30773
63667
12255
38185
32094
42509
15122
17535
757
35125
52751
11408
3612
55250
45095
36594
39307
58784
37745
61321
30197
11696
48409
16557
26846
31602
45852
52026
15539
26970
43498
54181
44049
18579
46939
19535
25039
16527
57291
55167
52495
49356
14525
28920
10490
7198
26063
38739
63573
37016
48406
13959
45490
55971
5650
33517
24837
49958
20490
9969
62933
56606
17364
48117
15614
34867
42183
32611
19854
51940
24838
8221
44023
14626
16841
32217
51699
49451
10070
14627
47837
33599
32556
48739
50872
25172
48785
8066
25821
25418
51896
2869
58882
32458
63675
31195
27616
61936
5624
42245
73
54366
30871
15379
40922
59865
56204
49142
45902
46983
50291
34724
62882
5455
37241
44107
65128
36390
16573
1803
60672
10774
34648
56695
17564
50933
47096
17458
23207
49016
31177
27304
13475
20728
35020
35884
57827
872
43038
1337
33591
53423
20733
41908
12838
416
63388
48763
677
60032
21058
37885
2661
40680
5481
31235
57254
6972
939
52840
63922
19988
23545
42543
61103
57538
29657
60274
64207
43268
36675
59392
9997
24581
31681
29056
42483
12459
25200
20994
5520
35069
18412
13555
19500
55574
39726
43423
5362
3888
32135
27384
51009
45013
48043
3137
877
9503
50912
17964
42683
47750
20917
30847
35195
37175
4266
35114
11934
64680
8798
41538
24910
6056
2436
42206
1243
22550
39138
32358
58240
36249
47979
35057
3889
4765
392
3444
51228
41718
52721
35161
42473
56977
42821
25748
44506
34508
14730
52870
59906
63584
4810
43820
23093
44294
19555
44804
39952
20122
27081
40105
52845
13728
34948
16472
65039
49081
24492
23837
59665
59238
33058
16923
17392
29114
57440
16019
39903
