32768
32768
32768
32768
32768
32768
32768
32768
32768
32768
32768
32768
32768
32768
32768
32768
32768
32768
32768
32768
32768
32768
32768
32768
32768
32768
32768
32768
32768
32768
32768
32768
32768
32768
32768
32768
32768
32768
32768
32768
32768
32768
32768
32768
32768
32768
32768
32768
32768
32768
32768
32768
32768
32768
32768
32768
32768
32768
32768
32768
32768
32768
32768
32768
32768
32768
32768
32768
32768
32768
32768
32768
32768
32768
32768
32768
32768
32768
32768
32768
32768
32768
32768
32768
32768
32768
32768
32768
32768
32768
32768
32768
32768
32768
32768
32768
32768
32768
32768
32768
32768
32768
32768
32768
32768
32768
32768
32768
32768
32768
32768
32768
32768
32768
32768
32768
32768
32768
32768
32768
32768
32768
32768
32768
32768
32768
32768
32768
32768
32768
32768
32768
32768
32768
32768
32768
32768
32768
32768
32768
32768
32768
32768
32768
32768
32768
32768
32768
32768
32768
65535
32768
32768
32768
32768
32768
32768
32768
32768
32768
32768
32768
32768
32768
32768
32768
32768
32768
32768
32768
32768
32768
32768
32768
32768
32768
32768
32768
32768
32768
32768
32768
32768
32768
32768
32768
32768
32768
32768
32768
32768
32768
32768
32768
32768
32768
32768
32768
32768
32768
32768
32768
32768
32768
32768
32768
32768
32768
32768
32768
32768
32768
32768
32768
32768
32768
32768
32768
32768
32768
32768
32768
32768
32768
32768
32768
32768
32768
32768
32768
32768
32768
32768
32768
32768
32768
32768
32768
32768
32768
32768
32768
32768
32768
32768
32768
32768
32768
32768
32768
32768
32768
32768
32768
32768
32768
32768
32768
32768
32768
32768
32768
32768
32768
32768
32768
32768
32768
32768
32768
32768
32768
32768
32768
32768
32768
32768
32768
32768
32768
32768
32768
32768
32768
32768
32768
32768
32768
32768
32768
32768
32768
32768
32768
32768
32768
32768
32768
32768
32768
32768
32768
36366
39841
43075
45958
48396
50308
51637
52348
52426
51885
50760
49109
47009
44557
41860
39037
36211
33503
31031
28906
27220
26054
25464
25486
26132
27391
29225
31576
34367
37500
40868
44353
47830
51177
54276
57017
59306
61064
62232
62774
62678
61957
60645
58802
56504
53848
50942
47904
44857
41924
39222
36861
34935
33524
32684
32453
32841
33837
35405
37487
40005
42862
45950
49151
52343
55401
58209
60657
62651
64111
64979
65220
64822
63797
62180
60031
57427
54463
51250
47904
44549
41308
38300
35632
33400
31684
30540
30006
30094
30790
32061
33847
36071
38637
41437
44353
47261
50040
52571
54746
56470
57664
58270
58254
57602
56327
54466
52076
49236
46042
42603
39037
35468
32017
28804
25938
23515
21612
20288
19580
19500
20035
21150
22788
24870
27302
29973
32767
35562
38233
40665
42747
44385
45500
46035
45955
45247
43923
42020
39597
36731
33518
30067
26498
22932
19493
16299
13459
11069
9208
7933
7281
7265
7871
9065
10789
12964
15495
18274
21182
24098
26898
29464
31688
33474
34745
35441
35529
34995
33851
32135
29903
27235
24227
20986
17631
14285
11072
8108
5504
3355
1738
713
315
556
1424
2884
4878
7326
10134
13192
16384
19585
22673
25530
28048
30130
31698
32694
33082
32851
32011
30600
28674
26313
23611
20678
17631
14593
11687
9031
6733
4890
3578
2857
2761
3303
4471
6229
8518
11259
14358
17705
21182
24667
28035
31168
33959
36310
38144
39403
40049
40071
39481
38315
36629
34504
32032
29324
26498
23675
20978
18526
16426
14775
13650
13109
13187
13898
15227
17139
19577
22460
25694
29169
32767
36366
39841
43075
45958
48396
50308
51637
52348
52426
51885
50760
49109
47009
44557
41860
39037
36211
33503
31031
28906
27220
26054
25464
25486
26132
27391
29225
31576
34367
37500
40868
44353
47830
51177
54276
57017
59306
61064
62232
62774
62678
61957
60645
58802
56504
53848
50942
47904
44857
41924
39222
36861
34935
33524
32684
32453
32841
33837
35405
37487
40005
42862
45950
49151
52343
55401
58209
60657
62651
64111
64979
65220
64822
63797
62180
60031
57427
54463
51250
47904
44549
41308
38300
35632
33400
31684
30540
30006
30094
30790
32061
33847
36071
38637
41437
44353
47261
50040
52571
54746
56470
57664
58270
58254
57602
56327
54466
52076
49236
46042
42603
39037
35468
32017
28804
25938
23515
21612
20288
19580
19500
20035
21150
22788
24870
27302
29973
32767
35562
38233
40665
42747
44385
45500
46035
45955
45247
43923
42020
39597
36731
33518
30067
26498
22932
19493
16299
13459
11069
9208
7933
7281
7265
7871
9065
10789
12964
15495
18274
21182
24098
26898
29464
31688
33474
34745
35441
35529
34995
33851
32135
29903
27235
24227
20986
17631
14285
11072
8108
5504
3355
1738
713
315
556
1424
2884
4878
7326
10134
13192
16384
19585
22673
25530
28048
30130
31698
32694
33082
32851
32011
30600
28674
26313
23611
20678
17631
14593
11687
9031
6733
4890
3578
2857
2761
3303
4471
6229
8518
11259
14358
17705
21182
24667
28035
31168
33959
36310
38144
39403
40049
40071
39481
38315
36629
34504
32032
29324
26498
23675
20978
18526
16426
14775
13650
13109
13187
13898
15227
17139
19577
22460
25694
29169
32767
36366
39841
43075
45958
48396
50308
51637
52348
52426
51885
50760
49109
47009
44557
41860
39037
36211
33503
31031
28906
27220
26054
25464
25486
26132
27391
29225
31576
34367
37500
40868
44353
47830
51177
54276
57017
59306
61064
62232
62774
62678
61957
60645
58802
56504
53848
50942
47904
44857
41924
39222
36861
34935
33524
32684
32453
32841
33837
35405
37487
40005
42862
45950
49151
52343
55401
58209
60657
62651
64111
64979
65220
64822
63797
62180
60031
57427
54463
51250
47904
44549
41308
38300
35632
33400
31684
30540
30006
30094
30790
32061
33847
36071
38637
41437
44353
47261
50040
52571
54746
56470
57664
58270
58254
57602
56327
54466
52076
49236
46042
42603
39037
35468
32017
28804
25938
23515
21612
20288
19580
19500
20035
21150
22788
24870
27302
29973
32767
35562
38233
40665
42747
44385
45500
46035
45955
45247
43923
42020
39597
36731
33518
30067
26498
22932
19493
16299
13459
11069
9208
7933
7281
7265
7871
9065
10789
12964
15495
18274
21182
24098
26898
29464
31688
33474
34745
35441
35529
34995
33851
32135
29903
27235
24227
20986
17631
14285
11072
8108
5504
3355
1738
713
315
556
1424
2884
4878
7326
10134
13192
16384
19585
22673
25530
28048
30130
31698
32694
33082
32851
32011
30600
28674
26313
23611
20678
17631
14593
11687
9031
6733
4890
3578
2857
2761
3303
4471
6229
8518
11259
14358
17705
21182
24667
28035
31168
33959
36310
38144
39403
40049
40071
39481
38315
36629
34504
32032
29324
26498
23675
20978
18526
16426
14775
13650
13109
13187
13898
15227
17139
19577
22460
25694
29169
32767
36366
39841
43075
45958
48396
50308
51637
52348
52426
51885
50760
49109
47009
44557
41860
39037
36211
33503
31031
28906
27220
26054
25464
25486
26132
27391
29225
31576
34367
37500
40868
44353
47830
51177
54276
57017
59306
61064
62232
62774
62678
61957
60645
58802
56504
53848
50942
47904
44857
41924
39222
36861
34935
33524
32684
32453
32841
33837
35405
37487
40005
42862
45950
49151
52343
55401
58209
60657
62651
64111
64979
65220
64822
63797
62180
60031
57427
54463
51250
47904
44549
41308
38300
35632
33400
31684
30540
30006
30094
30790
32061
33847
36071
38637
41437
44353
47261
50040
52571
54746
56470
57664
58270
58254
57602
56327
54466
52076
49236
46042
42603
39037
35468
32017
28804
25938
23515
21612
20288
19580
19500
20035
21150
22788
24870
27302
29973
32767
35562
38233
40665
42747
44385
45500
46035
45955
45247
43923
42020
39597
36731
33518
30067
26498
22932
19493
16299
13459
11069
9208
7933
7281
7265
7871
9065
10789
12964
15495
18274
21182
24098
26898
29464
31688
33474
34745
35441
35529
34995
33851
32135
29903
27235
24227
20986
17631
14285
11072
8108
5504
3355
1738
713
315
556
1424
2884
4878
7326
10134
13192
16384
19585
22673
25530
28048
30130
31698
32694
33082
32851
32011
30600
28674
26313
23611
20678
17631
14593
11687
9031
6733
4890
3578
2857
2761
3303
4471
6229
8518
11259
14358
17705
21182
24667
28035
31168
33959
36310
38144
39403
40049
40071
39481
38315
36629
34504
32032
29324
26498
23675
20978
18526
16426
14775
13650
13109
13187
13898
15227
17139
19577
22460
25694
29169
32767
36366
39841
43075
45958
48396
50308
51637
52348
52426
51885
50760
49109
47009
44557
41860
39037
36211
33503
31031
28906
27220
26054
25464
25486
26132
27391
29225
31576
34367
37500
40868
44353
47830
51177
54276
57017
59306
61064
62232
62774
62678
61957
60645
58802
56504
53848
50942
47904
44857
41924
39222
36861
34935
33524
32684
32453
32841
33837
35405
37487
40005
42862
45950
49151
52343
55401
58209
60657
62651
64111
64979
65220
64822
63797
62180
60031
57427
54463
51250
47904
44549
41308
38300
35632
33400
31684
30540
30006
30094
30790
32061
33847
36071
38637
41437
44353
47261
50040
52571
54746
56470
57664
58270
58254
57602
56327
54466
52076
49236
46042
42603
39037
35468
32017
28804
25938
23515
21612
20288
19580
19500
20035
21150
22788
24870
27302
29973
32767
35562
38233
40665
42747
44385
45500
46035
45955
45247
43923
42020
39597
36731
33518
30067
26498
22932
19493
16299
13459
11069
9208
7933
7281
7265
7871
9065
10789
12964
15495
18274
21182
24098
26898
29464
31688
33474
34745
35441
35529
34995
33851
32135
29903
27235
24227
20986
17631
14285
11072
8108
5504
3355
1738
713
315
556
1424
2884
4878
7326
10134
13192
16384
19585
22673
25530
28048
30130
31698
32694
33082
32851
32011
30600
28674
26313
23611
20678
17631
14593
11687
9031
6733
4890
3578
2857
2761
3303
4471
6229
8518
11259
14358
17705
21182
24667
28035
31168
33959
36310
38144
39403
40049
40071
39481
38315
36629
34504
32032
29324
26498
23675
20978
18526
16426
14775
13650
13109
13187
13898
15227
17139
19577
22460
25694
29169
32767
36366
39841
43075
45958
48396
50308
51637
52348
52426
51885
50760
49109
47009
44557
41860
39037
36211
33503
31031
28906
27220
26054
25464
25486
26132
27391
29225
31576
34367
37500
40868
44353
47830
51177
54276
57017
59306
61064
62232
62774
62678
61957
60645
58802
56504
53848
50942
47904
44857
41924
39222
36861
34935
33524
32684
32453
32841
33837
35405
37487
40005
42862
45950
49151
52343
55401
58209
60657
62651
64111
64979
65220
64822
63797
62180
60031
57427
54463
51250
47904
44549
41308
38300
35632
33400
31684
30540
30006
30094
30790
32061
33847
36071
38637
41437
44353
47261
50040
52571
54746
56470
57664
58270
58254
57602
56327
54466
52076
49236
46042
42603
39037
35468
32017
28804
25938
23515
21612
20288
19580
19500
20035
21150
22788
24870
27302
29973
32767
35562
38233
40665
42747
44385
45500
46035
45955
45247
43923
42020
39597
36731
33518
30067
26498
22932
19493
16299
13459
11069
9208
7933
7281
7265
7871
9065
10789
12964
15495
18274
21182
24098
26898
29464
31688
33474
34745
35441
35529
34995
33851
32135
29903
27235
24227
20986
17631
14285
11072
8108
5504
3355
1738
713
315
556
1424
2884
4878
7326
10134
13192
16384
19585
22673
25530
28048
30130
31698
32694
33082
32851
32011
30600
28674
26313
23611
20678
17631
14593
11687
9031
6733
4890
3578
2857
2761
3303
4471
6229
8518
11259
14358
17705
21182
24667
28035
31168
33959
36310
38144
39403
40049
40071
39481
38315
36629
34504
32032
29324
26498
23675
20978
18526
16426
14775
13650
13109
13187
13898
15227
17139
19577
22460
25694
29169
32767
36366
39841
43075
45958
48396
50308
51637
52348
52426
51885
50760
49109
47009
44557
41860
39037
36211
33503
31031
28906
27220
26054
25464
25486
26132
27391
29225
31576
34367
37500
40868
44353
47830
51177
54276
57017
59306
61064
62232
62774
62678
61957
60645
58802
56504
53848
50942
47904
44857
41924
39222
36861
34935
33524
32684
32453
32841
33837
35405
37487
40005
42862
45950
49151
52343
55401
58209
60657
62651
64111
64979
65220
64822
63797
62180
60031
57427
54463
51250
47904
44549
41308
38300
35632
33400
31684
30540
30006
30094
30790
32061
33847
36071
38637
41437
44353
47261
50040
52571
54746
56470
57664
58270
58254
57602
56327
54466
52076
49236
46042
42603
39037
35468
32017
28804
25938
23515
21612
20288
19580
19500
20035
21150
22788
24870
27302
29973
32768
35562
38233
40665
42747
44385
45500
46035
45955
45247
43923
42020
39597
36731
33518
30067
26498
22932
19493
16299
13459
11069
9208
7933
7281
7265
7871
9065
10789
12964
15495
18274
21182
24098
26898
29464
31688
33474
34745
35441
35529
34995
33851
32135
29903
27235
24227
20986
17631
14285
11072
8108
5504
3355
1738
713
315
556
1424
2884
4878
7326
10134
13192
16384
19585
22673
25530
28048
30130
31698
32694
33082
32851
32011
30600
28674
26313
23611
20678
17631
14593
11687
9031
6733
4890
3578
2857
2761
3303
4471
6229
8518
11259
14358
17705
21182
24667
28035
31168
33959
36310
38144
39403
40049
40071
39481
38315
36629
34504
32032
29324
26498
23675
20978
18526
16426
14775
13650
13109
13187
13898
15227
17139
19577
22460
25694
29169
32767
36366
39841
43075
45958
48396
50308
51637
52348
52426
51885
50760
49109
47009
44557
41860
39037
36211
33503
31031
28906
27220
26054
25464
25486
26132
27391
29225
31576
34367
37500
40868
44353
47830
51177
54276
57017
59306
61064
62232
62774
62678
61957
60645
58802
56504
53848
50942
47904
44857
41924
39222
36861
34935
33524
32684
32453
32841
33837
35405
37487
40005
42862
45950
49151
52343
55401
58209
60657
62651
64111
64979
65220
64822
63797
62180
60031
57427
54463
51250
47904
44549
41308
38300
35632
33400
31684
30540
30006
30094
30790
32061
33847
36071
38637
41437
44353
47261
50040
52571
54746
56470
57664
58270
58254
57602
56327
54466
52076
49236
46042
42603
39037
35468
32017
28804
25938
23515
21612
20288
19580
19500
20035
21150
22788
24870
27302
29973
32767
35562
38233
40665
42747
44385
45500
46035
45955
45247
43923
42020
39597
36731
33518
30067
26498
22932
19493
16299
13459
11069
9208
7933
7281
7265
7871
9065
10789
12964
15495
18274
21182
24098
26898
29464
31688
33474
34745
35441
35529
34995
33851
32135
29903
27235
24227
20986
17631
14285
11072
8108
5504
3355
1738
713
315
556
1424
2884
4878
7326
10134
13192
16384
19585
22673
25530
28048
30130
31698
32694
33082
32851
32011
30600
28674
26313
23611
20678
17631
14593
11687
9031
6733
4890
3578
2857
2761
3303
4471
6229
8518
11259
14358
17705
21182
24667
28035
31168
33959
36310
38144
39403
40049
40071
39481
38315
36629
34504
32032
29324
26498
23675
20978
18526
16426
14775
13650
13109
13187
13898
15227
17139
19577
22460
25694
29169
32767
36366
39841
43075
45958
48396
50308
51637
52348
52426
51885
50760
49109
47009
44557
41860
39037
36211
33503
31031
28906
27220
26054
25464
25486
26132
27391
29225
31576
34367
37500
40868
44353
47830
51177
54276
57017
59306
61064
62232
62774
62678
61957
60645
58802
56504
53848
50942
47904
44857
41924
39222
36861
34935
33524
32684
32453
32841
33837
35405
37487
40005
42862
45950
49151
52343
55401
58209
60657
62651
64111
64979
65220
64822
63797
62180
60031
57427
54463
51250
47904
44549
41308
38300
35632
33400
31684
30540
30006
30094
30790
32061
33847
36071
38637
41437
44353
47261
50040
52571
54746
56470
57664
58270
58254
57602
56327
54466
52076
49236
46042
42603
39037
35468
32017
28804
25938
23515
21612
20288
19580
19500
20035
21150
22788
24870
27302
29973
32768
35562
38233
40665
42747
44385
45500
46035
45955
45247
43923
42020
39597
36731
33518
30067
26498
22932
19493
16299
13459
11069
9208
7933
7281
7265
7871
9065
10789
12964
15495
18274
21182
24098
26898
29464
31688
33474
34745
35441
35529
34995
33851
32135
29903
27235
24227
20986
17631
14285
11072
8108
5504
3355
1738
713
315
556
1424
2884
4878
7326
10134
13192
16384
19585
22673
25530
28048
30130
31698
32694
33082
32851
32011
30600
28674
26313
23611
20678
17631
14593
11687
9031
6733
4890
3578
2857
2761
3303
4471
6229
8518
11259
14358
17705
21182
24667
28035
31168
33959
36310
38144
39403
40049
40071
39481
38315
36629
34504
32032
29324
26498
23675
20978
18526
16426
14775
13650
13109
13187
13898
15227
17139
19577
22460
25694
29169
32767
36366
39841
43075
45958
48396
50308
51637
52348
52426
51885
50760
49109
47009
44557
41860
39037
36211
33503
31031
28906
27220
26054
25464
25486
26132
27391
29225
31576
34367
37500
40868
44353
47830
51177
54276
57017
59306
61064
62232
62774
62678
61957
60645
58802
56504
53848
50942
47904
44857
41924
39222
36861
34935
33524
32684
32453
32841
33837
35405
37487
40005
42862
45950
49151
52343
55401
58209
60657
62651
64111
64979
65220
64822
63797
62180
60031
57427
54463
51250
47904
44549
41308
38300
35632
33400
31684
30540
30006
30094
30790
32061
33847
36071
38637
41437
44353
47261
50040
52571
54746
56470
57664
58270
58254
57602
56327
54466
52076
49236
46042
42603
39037
35468
32017
28804
25938
23515
21612
20288
19580
19500
20035
21150
22788
24870
27302
29973
32767
35562
38233
40665
42747
44385
45500
46035
45955
45247
43923
42020
39597
36731
33518
30067
26498
22932
19493
16299
13459
11069
9208
7933
7281
7265
7871
9065
10789
12964
15495
18274
21182
24098
26898
29464
31688
33474
34745
35441
35529
34995
33851
32135
29903
27235
24227
20986
17631
14285
11072
8108
5504
3355
1738
713
315
556
1424
2884
4878
7326
10134
13192
16384
19585
22673
25530
28048
30130
31698
32694
33082
32851
32011
30600
28674
26313
23611
20678
17631
14593
11687
9031
6733
4890
3578
2857
2761
3303
4471
6229
8518
11259
14358
17705
21182
24667
28035
31168
33959
36310
38144
39403
40049
40071
39481
38315
36629
34504
32032
29324
26498
23675
20978
18526
16426
14775
13650
13109
13187
13898
15227
17139
19577
22460
25694
29169
32767
36366
39841
43075
45958
48396
50308
51637
52348
52426
51885
50760
49109
47009
44557
41860
39037
36211
33503
31031
28906
27220
26054
25464
25486
26132
27391
29225
31576
34367
37500
40868
44353
47830
51177
54276
57017
59306
61064
62232
62774
62678
61957
60645
58802
56504
53848
50942
47904
44857
41924
39222
36861
34935
33524
32684
32453
32841
33837
35405
37487
40005
42862
45950
49151
52343
55401
58209
60657
62651
64111
64979
65220
64822
63797
62180
60031
57427
54463
51250
47904
44549
41308
38300
35632
33400
31684
30540
30006
30094
30790
32061
33847
36071
38637
41437
44353
47261
50040
52571
54746
56470
57664
58270
58254
57602
56327
54466
52076
49236
46042
42603
39037
35468
32017
28804
25938
23515
21612
20288
19580
19500
20035
21150
22788
24870
27302
29973
32768
35562
38233
40665
42747
44385
45500
46035
45955
45247
43923
42020
39597
36731
33518
30067
26498
22932
19493
16299
13459
11069
9208
7933
7281
7265
7871
9065
10789
12964
15495
18274
21182
24098
26898
29464
31688
33474
34745
35441
35529
34995
33851
32135
29903
27235
24227
20986
17631
14285
11072
8108
5504
3355
1738
713
315
556
1424
2884
4878
7326
10134
13192
16384
19585
22673
25530
28048
30130
31698
32694
33082
32851
32011
30600
28674
26313
23611
20678
17631
14593
11687
9031
6733
4890
3578
2857
2761
3303
4471
6229
8518
11259
14358
17705
21182
24667
28035
31168
33959
36310
38144
39403
40049
40071
39481
38315
36629
34504
32032
29324
26498
23675
20978
18526
16426
14775
13650
13109
13187
13898
15227
17139
19577
22460
25694
29169
32767
36366
39841
43075
45958
48396
50308
51637
52348
52426
51885
50760
49109
47009
44557
41860
39037
36211
33503
31031
28906
27220
26054
25464
25486
26132
27391
29225
31576
34367
37500
40868
44353
47830
51177
54276
57017
59306
61064
62232
62774
62678
61957
60645
58802
56504
53848
50942
47904
44857
41924
39222
36861
34935
33524
32684
32453
32841
33837
35405
37487
40005
42862
45950
49151
52343
55401
58209
60657
62651
64111
64979
65220
64822
63797
62180
60031
57427
54463
51250
47904
44549
41308
38300
35632
33400
31684
30540
30006
30094
30790
32061
33847
36071
38637
41437
44353
47261
50040
52571
54746
56470
57664
58270
58254
57602
56327
54466
52076
49236
46042
42603
39037
35468
32017
28804
25938
23515
21612
20288
19580
19500
20035
21150
22788
24870
27302
29973
32767
35562
38233
40665
42747
44385
45500
46035
45955
45247
43923
42020
39597
36731
33518
30067
26498
22932
19493
16299
13459
11069
9208
7933
7281
7265
7871
9065
10789
12964
15495
18274
21182
24098
26898
29464
31688
33474
34745
35441
35529
34995
33851
32135
29903
27235
24227
20986
17631
14285
11072
8108
5504
3355
1738
713
315
556
1424
2884
4878
7326
10134
13192
16384
19585
22673
25530
28048
30130
31698
32694
33082
32851
32011
30600
28674
26313
23611
20678
17631
14593
11687
9031
6733
4890
3578
2857
2761
3303
4471
6229
8518
11259
14358
17705
21182
24667
28035
31168
33959
36310
38144
39403
40049
40071
39481
38315
36629
34504
32032
29324
26498
23675
20978
18526
16426
14775
13650
13109
13187
13898
15227
17139
19577
22460
25694
29169
32767
36366
39841
43075
45958
48396
50308
51637
52348
52426
51885
50760
49109
47009
44557
41860
39037
36211
33503
31031
28906
27220
26054
25464
25486
26132
27391
29225
31576
34367
37500
40868
44353
47830
51177
54276
57017
59306
61064
62232
62774
62678
61957
60645
58802
56504
53848
50942
47904
44857
41924
39222
36861
34935
33524
32684
32453
32841
33837
35405
37487
40005
42862
45950
49151
52343
55401
58209
60657
62651
64111
64979
65220
64822
63797
62180
60031
57427
54463
51250
47904
44549
41308
38300
35632
33400
31684
30540
30006
30094
30790
32061
33847
36071
38637
41437
44353
47261
50040
52571
54746
56470
57664
58270
58254
57602
56327
54466
52076
49236
46042
42603
39037
35468
32017
28804
25938
23515
21612
20288
19580
19500
20035
21150
22788
24870
27302
29973
32768
35562
38233
40665
42747
44385
45500
46035
45955
45247
43923
42020
39597
36731
33518
30067
26498
22932
19493
16299
13459
11069
9208
7933
7281
7265
7871
9065
10789
12964
15495
18274
21182
24098
26898
29464
31688
33474
34745
35441
35529
34995
33851
32135
29903
27235
24227
20986
17631
14285
11072
8108
5504
3355
1738
713
315
556
1424
2884
4878
7326
10134
13192
16384
19585
22673
25530
28048
30130
31698
32694
33082
32851
32011
30600
28674
26313
23611
20678
17631
14593
11687
9031
6733
4890
3578
2857
2761
3303
4471
6229
8518
11259
14358
17705
21182
24667
28035
31168
33959
36310
38144
39403
40049
40071
39481
38315
36629
34504
32032
29324
26498
23675
20978
18526
16426
14775
13650
13109
13187
13898
15227
17139
19577
22460
25694
29169
32768
36366
39841
43075
45958
48396
50308
51637
52348
52426
51885
50760
49109
47009
44557
41860
39037
36211
33503
31031
28906
27220
26054
25464
25486
26132
27391
29225
31576
34367
37500
40868
44353
47830
51177
54276
57017
59306
61064
62232
62774
62678
61957
60645
58802
56504
53848
50942
47904
44857
41924
39222
36861
34935
33524
32684
32453
32841
33837
35405
37487
40005
42862
45950
49151
52343
55401
58209
60657
62651
64111
64979
65220
64822
63797
62180
60031
57427
54463
51250
47904
44549
41308
38300
35632
33400
31684
30540
30006
30094
30790
32061
33847
36071
38637
41437
44353
47261
50040
52571
54746
56470
57664
58270
58254
57602
56327
54466
52076
49236
46042
42603
39037
35468
32017
28804
25938
23515
21612
20288
19580
19500
20035
21150
22788
24870
27302
29973
32767
35562
38233
40665
42747
44385
45500
46035
45955
45247
43923
42020
39597
36731
33518
30067
26498
22932
19493
16299
13459
11069
9208
7933
7281
7265
7871
9065
10789
12964
15495
18274
21182
24098
26898
29464
31688
33474
34745
35441
35529
34995
33851
32135
29903
27235
24227
20986
17631
14285
11072
8108
5504
3355
1738
713
315
556
1424
2884
4878
7326
10134
13192
16384
19585
22673
25530
28048
30130
31698
32694
33082
32851
32011
30600
28674
26313
23611
20678
17631
14593
11687
9031
6733
4890
3578
2857
2761
3303
4471
6229
8518
11259
14358
17705
21182
24667
28035
31168
33959
36310
38144
39403
40049
40071
39481
38315
36629
34504
32032
29324
26498
23675
20978
18526
16426
14775
13650
13109
13187
13898
15227
17139
19577
22460
25694
29169
32767
36366
39841
43075
45958
48396
50308
51637
52348
52426
51885
50760
49109
47009
44557
41860
39037
36211
33503
31031
28906
27220
26054
25464
25486
26132
27391
29225
31576
34367
37500
40868
44353
47830
51177
54276
57017
59306
61064
62232
62774
62678
61957
60645
58802
56504
53848
50942
47904
44857
41924
39222
36861
34935
33524
32684
32453
32841
33837
35405
37487
40005
42862
45950
49151
52343
55401
58209
60657
62651
64111
64979
65220
64822
63797
62180
60031
57427
54463
51250
47904
44549
41308
38300
35632
33400
31684
30540
30006
30094
30790
32061
33847
36071
38637
41437
44353
47261
50040
52571
54746
56470
57664
58270
58254
57602
56327
54466
52076
49236
46042
42603
39037
35468
32017
28804
25938
23515
21612
20288
19580
19500
20035
21150
22788
24870
27302
29973
32768
35562
38233
40665
42747
44385
45500
46035
45955
45247
43923
42020
39597
36731
33518
30067
26498
22932
19493
16299
13459
11069
9208
7933
7281
7265
7871
9065
10789
12964
15495
18274
21182
24098
26898
29464
31688
33474
34745
35441
35529
34995
33851
32135
29903
27235
24227
20986
17631
14285
11072
8108
5504
3355
1738
713
315
556
1424
2884
4878
7326
10134
13192
16384
19585
22673
25530
28048
30130
31698
32694
33082
32851
32011
30600
28674
26313
23611
20678
17631
14593
11687
9031
6733
4890
3578
2857
2761
3303
4471
6229
8518
11259
14358
17705
21182
24667
28035
31168
33959
36310
38144
39403
40049
40071
39481
38315
36629
34504
32032
29324
26498
23675
20978
18526
16426
14775
13650
13109
13187
13898
15227
17139
19577
22460
25694
29169
32767
36366
39841
43075
45958
48396
50308
51637
52348
52426
51885
50760
49109
47009
44557
41860
39037
36211
33503
31031
28906
27220
26054
25464
25486
26132
27391
29225
31576
34367
37500
40868
44353
47830
51177
54276
57017
59306
61064
62232
62774
62678
61957
60645
58802
56504
53848
50942
47904
44857
41924
39222
36861
34935
33524
32684
32453
32841
33837
35405
37487
40005
42862
45950
49151
52343
55401
58209
60657
62651
64111
64979
65220
64822
63797
62180
60031
57427
54463
51250
47904
44549
41308
38300
35632
33400
31684
30540
30006
30094
30790
32061
33847
36071
38637
41437
44353
47261
50040
52571
54746
56470
57664
58270
58254
57602
56327
54466
52076
49236
46042
42603
39037
35468
32017
28804
25938
23515
21612
20288
19580
19500
20035
21150
22788
24870
27302
29973
32767
35562
38233
40665
42747
44385
45500
46035
45955
45247
43923
42020
39597
36731
33518
30067
26498
22932
19493
16299
13459
11069
9208
7933
7281
7265
7871
9065
10789
12964
15495
18274
21182
24098
26898
29464
31688
33474
34745
35441
35529
34995
33851
32135
29903
27235
24227
20986
17631
14285
11072
8108
5504
3355
1738
713
315
556
1424
2884
4878
7326
10134
13192
16384
19585
22673
25530
28048
30130
31698
32694
33082
32851
32011
30600
28674
26313
23611
20678
17631
14593
11687
9031
6733
4890
3578
2857
2761
3303
4471
6229
8518
11259
14358
17705
21182
24667
28035
31168
33959
36310
38144
39403
40049
40071
39481
38315
36629
34504
32032
29324
26498
23675
20978
18526
16426
14775
13650
13109
13187
13898
15227
17139
19577
22460
25694
29169
32767
36366
39841
43075
45958
48396
50308
51637
52348
52426
51885
50760
49109
47009
44557
41860
39037
36211
33503
31031
28906
27220
26054
25464
25486
26132
27391
29225
31576
34367
37500
40868
44353
47830
51177
54276
57017
59306
61064
62232
62774
62678
61957
60645
58802
56504
53848
50942
47904
44857
41924
39222
36861
34935
33524
32684
32453
32841
33837
35405
37487
40005
42862
45950
49151
52343
55401
58209
60657
62651
64111
64979
65220
64822
63797
62180
60031
57427
54463
51250
47904
44549
41308
38300
35632
33400
31684
30540
30006
30094
30790
32061
33847
36071
38637
41437
44353
47261
50040
52571
54746
56470
57664
58270
58254
57602
56327
54466
52076
49236
46042
42603
39037
35468
32017
28804
25938
23515
21612
20288
19580
19500
20035
21150
22788
24870
27302
29973
32767
35562
38233
40665
42747
44385
45500
46035
45955
45247
43923
42020
39597
36731
33518
30067
26498
22932
19493
16299
13459
11069
9208
7933
7281
7265
7871
9065
10789
12964
15495
18274
21182
24098
26898
29464
31688
33474
34745
35441
35529
34995
33851
32135
29903
27235
24227
20986
17631
14285
11072
8108
5504
3355
1738
713
315
556
1424
2884
4878
7326
10134
13192
16384
19585
22673
25530
28048
30130
31698
32694
33082
32851
32011
30600
28674
26313
23611
20678
17631
14593
11687
9031
6733
4890
3578
2857
2761
3303
4471
6229
8518
11259
14358
17705
21182
24667
28035
31168
33959
36310
38144
39403
40049
40071
39481
38315
36629
34504
32032
29324
26498
23675
20978
18526
16426
14775
13650
13109
13187
13898
15227
17139
19577
22460
25694
29169
32768
36366
39841
43075
45958
48396
50308
51637
52348
52426
51885
50760
49109
47009
44557
41860
39037
36211
33503
31031
28906
27220
26054
25464
25486
26132
27391
29225
31576
34367
37500
40868
44353
47830
51177
54276
57017
59306
61064
62232
62774
62678
61957
60645
58802
56504
53848
50942
47904
44857
41924
39222
36861
34935
33524
32684
32453
32841
33837
35405
37487
40005
42862
45950
49151
52343
55401
58209
60657
62651
64111
64979
65220
64822
63797
62180
60031
57427
54463
51250
47904
44549
41308
38300
35632
33400
31684
30540
30006
30094
30790
32061
33847
36071
38637
41437
44353
47261
50040
52571
54746
56470
57664
58270
58254
57602
56327
54466
52076
49236
46042
42603
39037
35468
32017
28804
25938
23515
21612
20288
19580
19500
20035
21150
22788
24870
27302
29973
32767
35562
38233
40665
42747
44385
45500
46035
45955
45247
43923
42020
39597
36731
33518
30067
26498
22932
19493
16299
13459
11069
9208
7933
7281
7265
7871
9065
10789
12964
15495
18274
21182
24098
26898
29464
31688
33474
34745
35441
35529
34995
33851
32135
29903
27235
24227
20986
17631
14285
11072
8108
5504
3355
1738
713
315
556
1424
2884
4878
7326
10134
13192
16384
19585
22673
25530
28048
30130
31698
32694
33082
32851
32011
30600
28674
26313
23611
20678
17631
14593
11687
9031
6733
4890
3578
2857
2761
3303
4471
6229
8518
11259
14358
17705
21182
24667
28035
31168
33959
36310
38144
39403
40049
40071
39481
38315
36629
34504
32032
29324
26498
23675
20978
18526
16426
14775
13650
13109
13187
13898
15227
17139
19577
22460
25694
29169
32767
36366
39841
43075
45958
48396
50308
51637
52348
52426
51885
50760
49109
47009
44557
41860
39037
36211
33503
31031
28906
27220
26054
25464
25486
26132
27391
29225
31576
34367
37500
40868
44353
47830
51177
54276
57017
59306
61064
62232
62774
62678
61957
60645
58802
56504
53848
50942
47904
44857
41924
39222
36861
34935
33524
32684
32453
32841
33837
35405
37487
40005
42862
45950
49151
52343
55401
58209
60657
62651
64111
64979
65220
64822
63797
62180
60031
57427
54463
51250
47904
44549
41308
38300
35632
33400
31684
30540
30006
30094
30790
32061
33847
36071
38637
41437
44353
47261
50040
52571
54746
56470
57664
58270
58254
57602
56327
54466
52076
49236
46042
42603
39037
35468
32017
28804
25938
23515
21612
20288
19580
19500
20035
21150
22788
24870
27302
29973
32767
35562
38233
40665
42747
44385
45500
46035
45955
45247
43923
42020
39597
36731
33518
30067
26498
22932
19493
16299
13459
11069
9208
7933
7281
7265
7871
9065
10789
12964
15495
18274
21182
24098
26898
29464
31688
33474
34745
35441
35529
34995
33851
32135
29903
27235
24227
20986
17631
14285
11072
8108
5504
3355
1738
713
315
556
1424
2884
4878
7326
10134
13192
16384
19585
22673
25530
28048
30130
31698
32694
33082
32851
32011
30600
28674
26313
23611
20678
17631
14593
11687
9031
6733
4890
3578
2857
2761
3303
4471
6229
8518
11259
14358
17705
21182
24667
28035
31168
33959
36310
38144
39403
40049
40071
39481
38315
36629
34504
32032
29324
26498
23675
20978
18526
16426
14775
13650
13109
13187
13898
15227
17139
19577
22460
25694
29169
32767
36366
39841
43075
45958
48396
50308
51637
52348
52426
51885
50760
49109
47009
44557
41860
39037
36211
33503
31031
28906
27220
26054
25464
25486
26132
27391
29225
31576
34367
37500
40868
44353
47830
51177
54276
57017
59306
61064
62232
62774
62678
61957
60645
58802
56504
53848
50942
47904
44857
41924
39222
36861
34935
33524
32684
32453
32841
33837
35405
37487
40005
42862
45950
49151
52343
55401
58209
60657
62651
64111
64979
65220
64822
63797
62180
60031
57427
54463
51250
47904
44549
41308
38300
35632
33400
31684
30540
30006
30094
30790
32061
33847
36071
38637
41437
44353
47261
50040
52571
54746
56470
57664
58270
58254
57602
56327
54466
52076
49236
46042
42603
39037
35468
32017
28804
25938
23515
21612
20288
19580
19500
20035
21150
22788
24870
27302
29973
32767
35562
38233
40665
42747
44385
45500
46035
45955
45247
43923
42020
39597
36731
33518
30067
26498
22932
19493
16299
13459
11069
9208
7933
7281
7265
7871
9065
10789
12964
15495
18274
21182
24098
26898
29464
31688
33474
34745
35441
35529
34995
33851
32135
29903
27235
24227
20986
17631
14285
11072
8108
5504
3355
1738
713
315
556
1424
2884
4878
7326
10134
13192
16384
19585
22673
25530
28048
30130
31698
32694
33082
32851
32011
30600
28674
26313
23611
20678
17631
14593
11687
9031
6733
4890
3578
2857
2761
3303
4471
6229
8518
11259
14358
17705
21182
24667
28035
31168
33959
36310
38144
39403
40049
40071
39481
38315
36629
34504
32032
29324
26498
23675
20978
18526
16426
14775
13650
13109
13187
13898
15227
17139
19577
22460
25694
29169
32767
36366
39841
43075
45958
48396
50308
51637
52348
52426
51885
50760
49109
47009
44557
41860
39037
36211
33503
31031
28906
27220
26054
25464
25486
26132
27391
29225
31576
34367
37500
40868
44353
47830
51177
54276
57017
59306
61064
62232
62774
62678
61957
60645
58802
56504
53848
50942
47904
44857
41924
39222
36861
34935
33524
32684
32453
32841
33837
35405
37487
40005
42862
45950
49151
52343
55401
58209
60657
62651
64111
64979
65220
64822
63797
62180
60031
57427
54463
51250
47904
44549
41308
38300
35632
33400
31684
30540
30006
30094
30790
32061
33847
36071
38637
41437
44353
47261
50040
52571
54746
56470
57664
58270
58254
57602
56327
54466
52076
49236
46042
42603
39037
35468
32017
28804
25938
23515
21612
20288
19580
19500
20035
21150
22788
24870
27302
29973
32767
35562
38233
40665
42747
44385
45500
46035
45955
45247
43923
42020
39597
36731
33518
30067
26498
22932
19493
16299
13459
11069
9208
7933
7281
7265
7871
9065
10789
12964
15495
18274
21182
24098
26898
29464
31688
33474
34745
35441
35529
34995
33851
32135
29903
27235
24227
20986
17631
14285
11072
8108
5504
3355
1738
713
315
556
1424
2884
4878
7326
10134
13192
16384
19585
22673
25530
28048
30130
31698
32694
33082
32851
32011
30600
28674
26313
23611
20678
17631
14593
11687
9031
6733
4890
3578
2857
2761
3303
4471
6229
8518
11259
14358
17705
21182
24667
28035
31168
33959
36310
38144
39403
40049
40071
39481
38315
36629
34504
32032
29324
26498
23675
20978
18526
16426
14775
13650
13109
13187
13898
15227
17139
19577
22460
25694
29169
32768
36366
39841
43075
45958
48396
50308
51637
52348
52426
51885
50760
49109
47009
44557
41860
39037
36211
33503
31031
28906
27220
26054
25464
25486
26132
27391
29225
31576
34367
37500
40868
44353
47830
51177
54276
57017
59306
61064
62232
62774
62678
61957
60645
58802
56504
53848
50942
47904
44857
41924
39222
36861
34935
33524
32684
32453
32841
33837
35405
37487
40005
42862
45950
49151
52343
55401
58209
60657
62651
64111
64979
65220
64822
63797
62180
60031
57427
54463
51250
47904
44549
41308
38300
35632
33400
31684
30540
30006
30094
30790
32061
33847
36071
38637
41437
44353
47261
50040
52571
54746
56470
57664
58270
58254
57602
56327
54466
52076
49236
46042
42603
39037
35468
32017
28804
25938
23515
21612
20288
19580
19500
20035
21150
22788
24870
27302
29973
32767
35562
38233
40665
42747
44385
45500
46035
45955
45247
43923
42020
39597
36731
33518
30067
26498
22932
19493
16299
13459
11069
9208
7933
7281
7265
7871
9065
10789
12964
15495
18274
21182
24098
26898
29464
31688
33474
34745
35441
35529
34995
33851
32135
29903
27235
24227
20986
17631
14285
11072
8108
5504
3355
1738
713
315
556
1424
2884
4878
7326
10134
13192
16384
19585
22673
25530
28048
30130
31698
32694
33082
32851
32011
30600
28674
26313
23611
20678
17631
14593
11687
9031
6733
4890
3578
2857
2761
3303
4471
6229
8518
11259
14358
17705
21182
24667
28035
31168
33959
36310
38144
39403
40049
40071
39481
38315
36629
34504
32032
29324
26498
23675
20978
18526
16426
14775
13650
13109
13187
13898
15227
17139
19577
22460
25694
29169
32767
36366
39841
43075
45958
48396
50308
51637
52348
52426
51885
50760
49109
47009
44557
41860
39037
36211
33503
31031
28906
27220
26054
25464
25486
26132
27391
29225
31576
34367
37500
40868
44353
47830
51177
54276
57017
59306
61064
62232
62774
62678
61957
60645
58802
56504
53848
50942
47904
44857
41924
39222
36861
34935
33524
32684
32453
32841
33837
35405
37487
40005
42862
45950
49151
52343
55401
58209
60657
62651
64111
64979
65220
64822
63797
62180
60031
57427
54463
51250
47904
44549
41308
38300
35632
33400
31684
30540
30006
30094
30790
32061
33847
36071
38637
41437
44353
47261
50040
52571
54746
56470
57664
58270
58254
57602
56327
54466
52076
49236
46042
42603
39037
35468
32017
28804
25938
23515
21612
20288
19580
19500
20035
21150
22788
24870
27302
29973
32767
35562
38233
40665
42747
44385
45500
46035
45955
45247
43923
42020
39597
36731
33518
30067
26498
22932
19493
16299
13459
11069
9208
7933
7281
7265
7871
9065
10789
12964
15495
18274
21182
24098
26898
29464
31688
33474
34745
35441
35529
34995
33851
32135
29903
27235
24227
20986
17631
14285
11072
8108
5504
3355
1738
713
315
556
1424
2884
4878
7326
10134
13192
16384
19585
22673
25530
28048
30130
31698
32694
33082
32851
32011
30600
28674
26313
23611
20678
17631
14593
11687
9031
6733
4890
3578
2857
2761
3303
4471
6229
8518
11259
14358
17705
21182
24667
28035
31168
33959
36310
38144
39403
40049
40071
39481
38315
36629
34504
32032
29324
26498
23675
20978
18526
16426
14775
13650
13109
13187
13898
15227
17139
19577
22460
25694
29169
32767
36366
39841
43075
45958
48396
50308
51637
52348
52426
51885
50760
49109
47009
44557
41860
39037
36211
33503
31031
28906
27220
26054
25464
25486
26132
27391
29225
31576
34367
37500
40868
44353
47830
51177
54276
57017
59306
61064
62232
62774
62678
61957
60645
58802
56504
53848
50942
47904
44857
41924
39222
36861
34935
33524
32684
32453
32841
33837
35405
37487
40005
42862
45950
49151
52343
55401
58209
60657
62651
64111
64979
65220
64822
63797
62180
60031
57427
54463
51250
47904
44549
41308
38300
35632
33400
31684
30540
30006
30094
30790
32061
33847
36071
38637
41437
44353
47261
50040
52571
54746
56470
57664
58270
58254
57602
56327
54466
52076
49236
46042
42603
39037
35468
32017
28804
25938
23515
21612
20288
19580
19500
20035
21150
22788
24870
27302
29973
32768
35562
38233
40665
42747
44385
45500
46035
45955
45247
43923
42020
39597
36731
33518
30067
26498
22932
19493
16299
13459
11069
9208
7933
7281
7265
7871
9065
10789
12964
15495
18274
21182
24098
26898
29464
31688
33474
34745
35441
35529
34995
33851
32135
29903
27235
24227
20986
17631
14285
11072
8108
5504
3355
1738
713
315
556
1424
2884
4878
7326
10134
13192
16384
19585
22673
25530
28048
30130
31698
32694
33082
32851
32011
30600
28674
26313
23611
20678
17631
14593
11687
9031
6733
4890
3578
2857
2761
3303
4471
6229
8518
11259
14358
17705
21182
24667
28035
31168
33959
36310
38144
39403
40049
40071
39481
38315
36629
34504
32032
29324
26498
23675
20978
18526
16426
14775
13650
13109
13187
13898
15227
17139
19577
22460
25694
29169
32767
36366
39841
43075
45958
48396
50308
51637
52348
52426
51885
50760
49109
47009
44557
41860
39037
36211
33503
31031
28906
27220
26054
25464
25486
26132
27391
29225
31576
34367
37500
40868
44353
47830
51177
54276
57017
59306
61064
62232
62774
62678
61957
60645
58802
56504
53848
50942
47904
44857
41924
39222
36861
34935
33524
32684
32453
32841
33837
35405
37487
40005
42862
45950
49151
52343
55401
58209
60657
62651
64111
64979
65220
64822
63797
62180
60031
57427
54463
51250
47904
44549
41308
38300
35632
33400
31684
30540
30006
30094
30790
32061
33847
36071
38637
41437
44353
47261
50040
52571
54746
56470
57664
58270
58254
57602
56327
54466
52076
49236
46042
42603
39037
35468
32017
28804
25938
23515
21612
20288
19580
19500
20035
21150
22788
24870
27302
29973
32767
35562
38233
40665
42747
44385
45500
46035
45955
45247
43923
42020
39597
36731
33518
30067
26498
22932
19493
16299
13459
11069
9208
7933
7281
7265
7871
9065
10789
12964
15495
18274
21182
24098
26898
29464
31688
33474
34745
35441
35529
34995
33851
32135
29903
27235
24227
20986
17631
14285
11072
8108
5504
3355
1738
713
315
556
1424
2884
4878
7326
10134
13192
16384
19585
22673
25530
28048
30130
31698
32694
33082
32851
32011
30600
28674
26313
23611
20678
17631
14593
11687
9031
6733
4890
3578
2857
2761
3303
4471
6229
8518
11259
14358
17705
21182
24667
28035
31168
33959
36310
38144
39403
40049
40071
39481
38315
36629
34504
32032
29324
26498
23675
20978
18526
16426
14775
13650
13109
13187
13898
15227
17139
19577
22460
25694
29169
32768
36366
39841
43075
45958
48396
50308
51637
52348
52426
51885
50760
49109
47009
44557
41860
39037
36211
33503
31031
28906
27220
26054
25464
25486
26132
27391
29225
31576
34367
37500
40868
44353
47830
51177
54276
57017
59306
61064
62232
62774
62678
61957
60645
58802
56504
53848
50942
47904
44857
41924
39222
36861
34935
33524
32684
32453
32841
33837
35405
37487
40005
42862
45950
49151
52343
55401
58209
60657
62651
64111
64979
65220
64822
63797
62180
60031
57427
54463
51250
47904
44549
41308
38300
35632
33400
31684
30540
30006
30094
30790
32061
33847
36071
38637
41437
44353
47261
50040
52571
54746
56470
57664
58270
58254
57602
56327
54466
52076
49236
46042
42603
39037
35468
32017
28804
25938
23515
21612
20288
19580
19500
20035
21150
22788
24870
27302
29973
32767
35562
38233
40665
42747
44385
45500
46035
45955
45247
43923
42020
39597
36731
33518
30067
26498
22932
19493
16299
13459
11069
9208
7933
7281
7265
7871
9065
10789
12964
15495
18274
21182
24098
26898
29464
31688
33474
34745
35441
35529
34995
33851
32135
29903
27235
24227
20986
17631
14285
11072
8108
5504
3355
1738
713
315
556
1424
2884
4878
7326
10134
13192
16384
19585
22673
25530
28048
30130
31698
32694
33082
32851
32011
30600
28674
26313
23611
20678
17631
14593
11687
9031
6733
4890
3578
2857
2761
3303
4471
6229
8518
11259
14358
17705
21182
24667
28035
31168
33959
36310
38144
39403
40049
40071
39481
38315
36629
34504
32032
29324
26498
23675
20978
18526
16426
14775
13650
13109
13187
13898
15227
17139
19577
22460
25694
29169
32768
36366
39841
43075
45958
48396
50308
51637
52348
52426
51885
50760
49109
47009
44557
41860
39037
36211
33503
31031
28906
27220
26054
25464
25486
26132
27391
29225
31576
34367
37500
40868
44353
47830
51177
54276
57017
59306
61064
62232
62774
62678
61957
60645
58802
56504
53848
50942
47904
44857
41924
39222
36861
34935
33524
32684
32453
32841
33837
35405
37487
40005
42862
45950
49151
52343
55401
58209
60657
62651
64111
64979
65220
64822
63797
62180
60031
57427
54463
51250
47904
44549
41308
38300
35632
33400
31684
30540
30006
30094
30790
32061
33847
36071
38637
41437
44353
47261
50040
52571
54746
56470
57664
58270
58254
57602
56327
54466
52076
49236
46042
42603
39037
35468
32017
28804
25938
23515
21612
20288
19580
19500
20035
21150
22788
24870
27302
29973
32767
35562
38233
40665
42747
44385
45500
46035
45955
45247
43923
42020
39597
36731
33518
30067
26498
22932
19493
16299
13459
11069
9208
7933
7281
7265
7871
9065
10789
12964
15495
18274
21182
24098
26898
29464
31688
33474
34745
35441
35529
34995
33851
32135
29903
27235
24227
20986
17631
14285
11072
8108
5504
3355
1738
713
315
556
1424
2884
4878
7326
10134
13192
16384
19585
22673
25530
28048
30130
31698
32694
33082
32851
32011
30600
28674
26313
23611
20678
17631
14593
11687
9031
6733
4890
3578
2857
2761
3303
4471
6229
8518
11259
14358
17705
21182
24667
28035
31168
33959
36310
38144
39403
40049
40071
39481
38315
36629
34504
32032
29324
26498
23675
20978
18526
16426
14775
13650
13109
13187
13898
15227
17139
19577
22460
25694
29169
32767
36366
39841
43075
45958
48396
50308
51637
52348
52426
51885
50760
49109
47009
44557
41860
39037
36211
33503
31031
28906
27220
26054
25464
25486
26132
27391
29225
31576
34367
37500
40868
44353
47830
51177
54276
57017
59306
61064
62232
62774
62678
61957
60645
58802
56504
53848
50942
47904
44857
41924
39222
36861
34935
33524
32684
32453
32841
33837
35405
37487
40005
42862
45950
49151
52343
55401
58209
60657
62651
64111
64979
65220
64822
63797
62180
60031
57427
54463
51250
47904
44549
41308
38300
35632
33400
31684
30540
30006
30094
30790
32061
33847
36071
38637
41437
44353
47261
50040
52571
54746
56470
57664
58270
58254
57602
56327
54466
52076
49236
46042
42603
39037
35468
32017
28804
25938
23515
21612
20288
19580
19500
20035
21150
22788
24870
27302
29973
32768
35562
38233
40665
42747
44385
45500
46035
45955
45247
43923
42020
39597
36731
33518
30067
26498
22932
19493
16299
13459
11069
9208
7933
7281
7265
7871
9065
10789
12964
15495
18274
21182
24098
26898
29464
31688
33474
34745
35441
35529
34995
33851
32135
29903
27235
24227
20986
17631
14285
11072
8108
5504
3355
1738
713
315
556
1424
2884
4878
7326
10134
13192
16384
19585
22673
25530
28048
30130
31698
32694
33082
32851
32011
30600
28674
26313
23611
20678
17631
14593
11687
9031
6733
4890
3578
2857
2761
3303
4471
6229
8518
11259
14358
17705
21182
24667
28035
31168
33959
36310
38144
39403
40049
40071
39481
38315
36629
34504
32032
29324
26498
23675
20978
18526
16426
14775
13650
13109
13187
13898
15227
17139
19577
22460
25694
29169
32767
36366
39841
43075
45958
48396
50308
51637
52348
52426
51885
50760
49109
47009
44557
41860
39037
36211
33503
31031
28906
27220
26054
25464
25486
26132
27391
29225
31576
34367
37500
40868
44353
47830
51177
54276
57017
59306
61064
62232
62774
62678
61957
60645
58802
56504
53848
50942
47904
44857
41924
39222
36861
34935
33524
32684
32453
32841
33837
35405
37487
40005
42862
45950
49151
52343
55401
58209
60657
62651
64111
64979
65220
64822
63797
62180
60031
57427
54463
51250
47904
44549
41308
38300
35632
33400
31684
30540
30006
30094
30790
32061
33847
36071
38637
41437
44353
47261
50040
52571
54746
56470
57664
58270
58254
57602
56327
54466
52076
49236
46042
42603
39037
35468
32017
28804
25938
23515
21612
20288
19580
19500
20035
21150
22788
24870
27302
29973
32767
35562
38233
40665
42747
44385
45500
46035
45955
45247
43923
42020
39597
36731
33518
30067
26498
22932
19493
16299
13459
11069
9208
7933
7281
7265
7871
9065
10789
12964
15495
18274
21182
24098
26898
29464
31688
33474
34745
35441
35529
34995
33851
32135
29903
27235
24227
20986
17631
14285
11072
8108
5504
3355
1738
713
315
556
1424
2884
4878
7326
10134
13192
16384
19585
22673
25530
28048
30130
31698
32694
33082
32851
32011
30600
28674
26313
23611
20678
17631
14593
11687
9031
6733
4890
3578
2857
2761
3303
4471
6229
8518
11259
14358
17705
21182
24667
28035
31168
33959
36310
38144
39403
40049
40071
39481
38315
36629
34504
32032
29324
26498
23675
20978
18526
16426
14775
13650
13109
13187
13898
15227
17139
19577
22460
25694
29169
32768
36366
39841
43075
45958
48396
50308
51637
52348
52426
51885
50760
49109
47009
44557
41860
39037
36211
33503
31031
28906
27220
26054
25464
25486
26132
27391
29225
31576
34367
37500
40868
44353
47830
51177
54276
57017
59306
61064
62232
62774
62678
61957
60645
58802
56504
53848
50942
47904
44857
41924
39222
36861
34935
33524
32684
32453
32841
33837
35405
37487
40005
42862
45950
49151
52343
55401
58209
60657
62651
64111
64979
65220
64822
63797
62180
60031
57427
54463
51250
47904
44549
41308
38300
35632
33400
31684
30540
30006
30094
30790
32061
33847
36071
38637
41437
44353
47261
50040
52571
54746
56470
57664
58270
58254
57602
56327
54466
52076
49236
46042
42603
39037
35468
32017
28804
25938
23515
21612
20288
19580
19500
20035
21150
22788
24870
27302
29973
32767
35562
38233
40665
42747
44385
45500
46035
45955
45247
43923
42020
39597
36731
33518
30067
26498
22932
19493
16299
13459
11069
9208
7933
7281
7265
7871
9065
10789
12964
15495
18274
21182
24098
26898
29464
31688
33474
34745
35441
35529
34995
33851
32135
29903
27235
24227
20986
17631
14285
11072
8108
5504
3355
1738
713
315
556
1424
2884
4878
7326
10134
13192
16384
19585
22673
25530
28048
30130
31698
32694
33082
32851
32011
30600
28674
26313
23611
20678
17631
14593
11687
9031
6733
4890
3578
2857
2761
3303
4471
6229
8518
11259
14358
17705
21182
24667
28035
31168
33959
36310
38144
39403
40049
40071
39481
38315
36629
34504
32032
29324
26498
23675
20978
18526
16426
14775
13650
13109
13187
13898
15227
17139
19577
22460
25694
29169
32767
36366
39841
43075
45958
48396
50308
51637
52348
52426
51885
50760
49109
47009
44557
41860
39037
36211
33503
31031
28906
27220
26054
25464
25486
26132
27391
29225
31576
34367
37500
40868
44353
47830
51177
54276
57017
59306
61064
62232
62774
62678
61957
60645
58802
56504
53848
50942
47904
44857
41924
39222
36861
34935
33524
32684
32453
32841
33837
35405
37487
40005
42862
45950
49151
52343
55401
58209
60657
62651
64111
64979
65220
64822
63797
62180
60031
57427
54463
51250
47904
44549
41308
38300
35632
33400
31684
30540
30006
30094
30790
32061
33847
36071
38637
41437
44353
47261
50040
52571
54746
56470
57664
58270
58254
57602
56327
54466
52076
49236
46042
42603
39037
35468
32017
28804
25938
23515
21612
20288
19580
19500
20035
21150
22788
24870
27302
29973
32767
35562
38233
40665
42747
44385
45500
46035
45955
45247
43923
42020
39597
36731
33518
30067
26498
22932
19493
16299
13459
11069
9208
7933
7281
7265
7871
9065
10789
12964
15495
18274
21182
24098
26898
29464
31688
33474
34745
35441
35529
34995
33851
32135
29903
27235
24227
20986
17631
14285
11072
8108
5504
3355
1738
713
315
556
1424
2884
4878
7326
10134
13192
16384
19585
22673
25530
28048
30130
31698
32694
33082
32851
32011
30600
28674
26313
23611
20678
17631
14593
11687
9031
6733
4890
3578
2857
2761
3303
4471
6229
8518
11259
14358
17705
21182
24667
28035
31168
33959
36310
38144
39403
40049
40071
39481
38315
36629
34504
32032
29324
26498
23675
20978
18526
16426
14775
13650
13109
13187
13898
15227
17139
19577
22460
25694
29169
32767
36366
39841
43075
45958
48396
50308
51637
52348
52426
51885
50760
49109
47009
44557
41860
39037
36211
33503
31031
28906
27220
26054
25464
25486
26132
27391
29225
31576
34367
37500
40868
44353
47830
51177
54276
57017
59306
61064
62232
62774
62678
61957
60645
58802
56504
53848
50942
47904
44857
41924
39222
36861
34935
33524
32684
32453
32841
33837
35405
37487
40005
42862
45950
49151
52343
55401
58209
60657
62651
64111
64979
65220
64822
63797
62180
60031
57427
54463
51250
47904
44549
41308
38300
35632
33400
31684
30540
30006
30094
30790
32061
33847
36071
38637
41437
44353
47261
50040
52571
54746
56470
57664
58270
58254
57602
56327
54466
52076
49236
46042
42603
39037
35468
32017
28804
25938
23515
21612
20288
19580
19500
20035
21150
22788
24870
27302
29973
32768
35562
38233
40665
42747
44385
45500
46035
45955
45247
43923
42020
39597
36731
33518
30067
26498
22932
19493
16299
13459
11069
9208
7933
7281
7265
7871
9065
10789
12964
15495
18274
21182
24098
26898
29464
31688
33474
34745
35441
35529
34995
33851
32135
29903
27235
24227
20986
17631
14285
11072
8108
5504
3355
1738
713
315
556
1424
2884
4878
7326
10134
13192
16384
19585
22673
25530
28048
30130
31698
32694
33082
32851
32011
30600
28674
26313
23611
20678
17631
14593
11687
9031
6733
4890
3578
2857
2761
3303
4471
6229
8518
11259
14358
17705
21182
24667
28035
31168
33959
36310
38144
39403
40049
40071
39481
38315
36629
34504
32032
29324
26498
23675
20978
18526
16426
14775
13650
13109
13187
13898
15227
17139
19577
22460
25694
29169
32767
36366
39841
43075
45958
48396
50308
51637
52348
52426
51885
50760
49109
47009
44557
41860
39037
36211
33503
31031
28906
27220
26054
25464
25486
26132
27391
29225
31576
34367
37500
40868
44353
47830
51177
54276
57017
59306
61064
62232
62774
62678
61957
60645
58802
56504
53848
50942
47904
44857
41924
39222
36861
34935
33524
32684
32453
32841
33837
35405
37487
40005
42862
45950
49151
52343
55401
58209
60657
62651
64111
64979
65220
64822
63797
62180
60031
57427
54463
51250
47904
44549
41308
38300
35632
33400
31684
30540
30006
30094
30790
32061
33847
36071
38637
41437
44353
47261
50040
52571
54746
56470
57664
58270
58254
57602
56327
54466
52076
49236
46042
42603
39037
35468
32017
28804
25938
23515
21612
20288
19580
19500
20035
21150
22788
24870
27302
29973
32767
35562
38233
40665
42747
44385
45500
46035
45955
45247
43923
42020
39597
36731
33518
30067
26498
22932
19493
16299
13459
11069
9208
7933
7281
7265
7871
9065
10789
12964
15495
18274
21182
24098
26898
29464
31688
33474
34745
35441
35529
34995
33851
32135
29903
27235
24227
20986
17631
14285
11072
8108
5504
3355
1738
713
315
556
1424
2884
4878
7326
10134
13192
16384
19585
22673
25530
28048
30130
31698
32694
33082
32851
32011
30600
28674
26313
23611
20678
17631
14593
11687
9031
6733
4890
3578
2857
2761
3303
4471
6229
8518
11259
14358
17705
21182
24667
28035
31168
33959
36310
38144
39403
40049
40071
39481
38315
36629
34504
32032
29324
26498
23675
20978
18526
16426
14775
13650
13109
13187
13898
15227
17139
19577
22460
25694
29169
32767
36366
39841
43075
45958
48396
50308
51637
52348
52426
51885
50760
49109
47009
44557
41860
39037
36211
33503
31031
28906
27220
26054
25464
25486
26132
27391
29225
31576
34367
37500
40868
44353
47830
51177
54276
57017
59306
61064
62232
62774
62678
61957
60645
58802
56504
53848
50942
47904
44857
41924
39222
36861
34935
33524
32684
32453
32841
33837
35405
37487
40005
42862
45950
49151
52343
55401
58209
60657
62651
64111
64979
65220
64822
63797
62180
60031
57427
54463
51250
47904
44549
41308
38300
35632
33400
31684
30540
30006
30094
30790
32061
33847
36071
38637
41437
44353
47261
50040
52571
54746
56470
57664
58270
58254
57602
56327
54466
52076
49236
46042
42603
39037
35468
32017
28804
25938
23515
21612
20288
19580
19500
20035
21150
22788
24870
27302
29973
32767
35562
38233
40665
42747
44385
45500
46035
45955
45247
43923
42020
39597
36731
33518
30067
26498
22932
19493
16299
13459
11069
9208
7933
7281
7265
7871
9065
10789
12964
15495
18274
21182
24098
26898
29464
31688
33474
34745
35441
35529
34995
33851
32135
29903
27235
24227
20986
17631
14285
11072
8108
5504
3355
1738
713
315
556
1424
2884
4878
7326
10134
13192
16384
19585
22673
25530
28048
30130
31698
32694
33082
32851
32011
30600
28674
26313
23611
20678
17631
14593
11687
9031
6733
4890
3578
2857
2761
3303
4471
6229
8518
11259
14358
17705
21182
24667
28035
31168
33959
36310
38144
39403
40049
40071
39481
38315
36629
34504
32032
29324
26498
23675
20978
18526
16426
14775
13650
13109
13187
13898
15227
17139
19577
22460
25694
29169
32768
36366
39841
43075
45958
48396
50308
51637
52348
52426
51885
50760
49109
47009
44557
41860
39037
36211
33503
31031
28906
27220
26054
25464
25486
26132
27391
29225
31576
34367
37500
40868
44353
47830
51177
54276
57017
59306
61064
62232
62774
62678
61957
60645
58802
56504
53848
50942
47904
44857
41924
39222
36861
34935
33524
32684
32453
32841
33837
35405
37487
40005
42862
45950
49151
52343
55401
58209
60657
62651
64111
64979
65220
64822
63797
62180
60031
57427
54463
51250
47904
44549
41308
38300
35632
33400
31684
30540
30006
30094
30790
32061
33847
36071
38637
41437
44353
47261
50040
52571
54746
56470
57664
58270
58254
57602
56327
54466
52076
49236
46042
42603
39037
35468
32017
28804
25938
23515
21612
20288
19580
19500
20035
21150
22788
24870
27302
29973
32767
35562
38233
40665
42747
44385
45500
46035
45955
45247
43923
42020
39597
36731
33518
30067
26498
22932
19493
16299
13459
11069
9208
7933
7281
7265
7871
9065
10789
12964
15495
18274
21182
24098
26898
29464
31688
33474
34745
35441
35529
34995
33851
32135
29903
27235
24227
20986
17631
14285
11072
8108
5504
3355
1738
713
315
556
1424
2884
4878
7326
10134
13192
16384
19585
22673
25530
28048
30130
31698
32694
33082
32851
32011
30600
28674
26313
23611
20678
17631
14593
11687
9031
6733
4890
3578
2857
2761
3303
4471
6229
8518
11259
14358
17705
21182
24667
28035
31168
33959
36310
38144
39403
40049
40071
39481
38315
36629
34504
32032
29324
26498
23675
20978
18526
16426
14775
13650
13109
13187
13898
15227
17139
19577
22460
25694
29169
32767
36366
39841
43075
45958
48396
50308
51637
52348
52426
51885
50760
49109
47009
44557
41860
39037
36211
33503
31031
28906
27220
26054
25464
25486
26132
27391
29225
31576
34367
37500
40868
44353
47830
51177
54276
57017
59306
61064
62232
62774
62678
61957
60645
58802
56504
53848
50942
47904
44857
41924
39222
36861
34935
33524
32684
32453
32841
33837
35405
37487
40005
42862
45950
49151
52343
55401
58209
60657
62651
64111
64979
65220
64822
63797
62180
60031
57427
54463
51250
47904
44549
41308
38300
35632
33400
31684
30540
30006
30094
30790
32061
33847
36071
38637
41437
44353
47261
50040
52571
54746
56470
57664
58270
58254
57602
56327
54466
52076
49236
46042
42603
39037
35468
32017
28804
25938
23515
21612
20288
19580
19500
20035
21150
22788
24870
27302
29973
32768
35562
38233
40665
42747
44385
45500
46035
45955
45247
43923
42020
39597
36731
33518
30067
26498
22932
19493
16299
13459
11069
9208
7933
7281
7265
7871
9065
10789
12964
15495
18274
21182
24098
26898
29464
31688
33474
34745
35441
35529
34995
33851
32135
29903
27235
24227
20986
17631
14285
11072
8108
5504
3355
1738
713
315
556
1424
2884
4878
7326
10134
13192
16384
19585
22673
25530
28048
30130
31698
32694
33082
32851
32011
30600
28674
26313
23611
20678
17631
14593
11687
9031
6733
4890
3578
2857
2761
3303
4471
6229
8518
11259
14358
17705
21182
24667
28035
31168
33959
36310
38144
39403
40049
40071
39481
38315
36629
34504
32032
29324
26498
23675
20978
18526
16426
14775
13650
13109
13187
13898
15227
17139
19577
22460
25694
29169
32767
36366
39841
43075
45958
48396
50308
51637
52348
52426
51885
50760
49109
47009
44557
41860
39037
36211
33503
31031
28906
27220
26054
25464
25486
26132
27391
29225
31576
34367
37500
40868
44353
47830
51177
54276
57017
59306
61064
62232
62774
62678
61957
60645
58802
56504
53848
50942
47904
44857
41924
39222
36861
34935
33524
32684
32453
32841
33837
35405
37487
40005
42862
45950
49151
52343
55401
58209
60657
62651
64111
64979
65220
64822
63797
62180
60031
57427
54463
51250
47904
44549
41308
38300
35632
33400
31684
30540
30006
30094
30790
32061
33847
36071
38637
41437
44353
47261
50040
52571
54746
56470
57664
58270
58254
57602
56327
54466
52076
49236
46042
42603
39037
35468
32017
28804
25938
23515
21612
20288
19580
19500
20035
21150
22788
24870
27302
29973
32767
35562
38233
40665
42747
44385
45500
46035
45955
45247
43923
42020
39597
36731
33518
30067
26498
22932
19493
16299
13459
11069
9208
7933
7281
7265
7871
9065
10789
12964
15495
18274
21182
24098
26898
29464
31688
33474
34745
35441
35529
34995
33851
32135
29903
27235
24227
20986
17631
14285
11072
8108
5504
3355
1738
713
315
556
1424
2884
4878
7326
10134
13192
16384
19585
22673
25530
28048
30130
31698
32694
33082
32851
32011
30600
28674
26313
23611
20678
17631
14593
11687
9031
6733
4890
3578
2857
2761
3303
4471
6229
8518
11259
14358
17705
21182
24667
28035
31168
33959
36310
38144
39403
40049
40071
39481
38315
36629
34504
32032
29324
26498
23675
20978
18526
16426
14775
13650
13109
13187
13898
15227
17139
19577
22460
25694
29169
32767
36366
39841
43075
45958
48396
50308
51637
52348
52426
51885
50760
49109
47009
44557
41860
39037
36211
33503
31031
28906
27220
26054
25464
25486
26132
27391
29225
31576
34367
37500
40868
44353
47830
51177
54276
57017
59306
61064
62232
62774
62678
61957
60645
58802
56504
53848
50942
47904
44857
41924
39222
36861
34935
33524
32684
32453
32841
33837
35405
37487
40005
42862
45950
49151
52343
55401
58209
60657
62651
64111
64979
65220
64822
63797
62180
60031
57427
54463
51250
47904
44549
41308
38300
35632
33400
31684
30540
30006
30094
30790
32061
33847
36071
38637
41437
44353
47261
50040
52571
54746
56470
57664
58270
58254
57602
56327
54466
52076
49236
46042
42603
39037
35468
32017
28804
25938
23515
21612
20288
19580
19500
20035
21150
22788
24870
27302
29973
32767
35562
38233
40665
42747
44385
45500
46035
45955
45247
43923
42020
39597
36731
33518
30067
26498
22932
19493
16299
13459
11069
9208
7933
7281
7265
7871
9065
10789
12964
15495
18274
21182
24098
26898
29464
31688
33474
34745
35441
35529
34995
33851
32135
29903
27235
24227
20986
17631
14285
11072
8108
5504
3355
1738
713
315
556
1424
2884
4878
7326
10134
13192
16384
19585
22673
25530
28048
30130
31698
32694
33082
32851
32011
30600
28674
26313
23611
20678
17631
14593
11687
9031
6733
4890
3578
2857
2761
3303
4471
6229
8518
11259
14358
17705
21182
24667
28035
31168
33959
36310
38144
39403
40049
40071
39481
38315
36629
34504
32032
29324
26498
23675
20978
18526
16426
14775
13650
13109
13187
13898
15227
17139
19577
22460
25694
29169
32767
36366
39841
43075
45958
48396
50308
51637
52348
52426
51885
50760
49109
47009
44557
41860
39037
36211
33503
31031
28906
27220
26054
25464
25486
26132
27391
29225
31576
34367
37500
40868
44353
47830
51177
54276
57017
59306
61064
62232
62774
62678
61957
60645
58802
56504
53848
50942
47904
44857
41924
39222
36861
34935
33524
32684
32453
32841
33837
35405
37487
40005
42862
45950
49151
52343
55401
58209
60657
62651
64111
64979
65220
64822
63797
62180
60031
57427
54463
51250
47904
44549
41308
38300
35632
33400
31684
30540
30006
30094
30790
32061
33847
36071
38637
41437
44353
47261
50040
52571
54746
56470
57664
58270
58254
57602
56327
54466
52076
49236
46042
42603
39037
35468
32017
28804
25938
23515
21612
20288
19580
19500
20035
21150
22788
24870
27302
29973
32767
35562
38233
40665
42747
44385
45500
46035
45955
45247
43923
42020
39597
36731
33518
30067
26498
22932
19493
16299
13459
11069
9208
7933
7281
7265
7871
9065
10789
12964
15495
18274
21182
24098
26898
29464
31688
33474
34745
35441
35529
34995
33851
32135
29903
27235
24227
20986
17631
14285
11072
8108
5504
3355
1738
713
315
556
1424
2884
4878
7326
10134
13192
16384
19585
22673
25530
28048
30130
31698
32694
33082
32851
32011
30600
28674
26313
23611
20678
17631
14593
11687
9031
6733
4890
3578
2857
2761
3303
4471
6229
8518
11259
14358
17705
21182
24667
28035
31168
33959
36310
38144
39403
40049
40071
39481
38315
36629
34504
32032
29324
26498
23675
20978
18526
16426
14775
13650
13109
13187
13898
15227
17139
19577
22460
25694
29169
32767
36366
39841
43075
45958
48396
50308
51637
52348
52426
51885
50760
49109
47009
44557
41860
