152
204
318
450
584
700
769
757
625
332
-157
-872
-1829
-3023
-4428
-5992
-7635
-9252
-10718
-11894
-12635
-12809
-12305
-11049
-9017
-6246
-2839
1030
5124
9154
12792
15700
17551
18065
17035
14355
10045
4261
-2692
-10374
-18221
-25578
-31736
-35978
-37633
-36127
-31033
-22113
-9351
7029
26563
48560
72134
96249
119784
141593
160581
175771
186368
191812
191812
186368
175771
160581
141593
119784
96249
72134
48560
26563
7029
-9351
-22113
-31033
-36127
-37633
-35978
-31736
-25578
-18221
-10374
-2692
4261
10045
14355
17035
18065
17551
15700
12792
9154
5124
1030
-2839
-6246
-9017
-11049
-12305
-12809
-12635
-11894
-10718
-9252
-7635
-5992
-4428
-3023
-1829
-872
-157
332
625
757
769
700
584
450
318
204
152
