19309 17269
4671 2872
3986 24589
6550 20640
504 10364
8631 21741
9117 31814
2157 31092
13774 26913
18940 22004
3683 6154
6950 24163
6954 12144
10463 17851
15132 21095
18182 3313
24186 4876
15042 27179
4308 13098
808 20194
6437 12280
16719 16307
31463 65534
1851 18417
26082 3307
24178 30217
21172 15529
9031 10050
575 1534
31260 24944
3303 23971
21006 10639
9860 29401
25448 29795
29620 24343
14634 25054
14367 15647
19516 28380
1961 25952
30609 12208
5790 27346
18761 16760
11458 26278
17969 1808
22802 31538
31793 11259
19714 32766
78 9840
7940 7219
20312 15444
25280 11220
30709 31340
26980 28007
3667 14983
22684 26602
3394 13754
26147 27846
11798 11774
25395 21603
12732 16477
6269 17498
31492 10464
7361 28575
19426 22454
28756 14638
29456 5925
19604 8098
13356 1284
18210 1035
30533 27408
9089 23961
13670 9572
2522 16491
14960 6101
31139 27725
22288 11552
2601 19763
4964 30487
31700 1340
10415 15894
17461 31138
10438 21897
8753 2943
20056 22750
7585 4016
14330 25178
7977 2426
26536 4175
29671 4291
30277 5570
65534 26053
29158 5668
17056 26342
31861 30887
8859 9239
23099 4522
20505 10188
7208 4225
8984 30318
10220 11531
9496 18255
23533 19255
27200 12611
21877 3253
31523 19819
2718 2223
12138 24048
20760 16725
7641 853
27119 2716
24810 10608
4645 28311
7132 3167
22528 17312
4053 19974
3163 30932
5242 31156
335 8067
24071 9962
27152 2570
5093 22489
2797 6314
17359 23210
26417 19995
14708 21740
26132 15980
13655 6675
2310 11906
19258 14286
20566 29120
10831 28331
9630 233
6926 5428
22791 23978
632 12232
29252 18466
1482 14779
27997 16333
9635 17940
28247 359
1182 19013
22147 244
1571 28083
18107 27938
17669 4748
10156 3135
13236 5046
30696 7634
11264 10530
3468 21254
28285 12085
8558 11514
25600 18718
27567 13740
24167 4365
22951 30580
6911 9815
29595 25981
2 17701
11151 7028
22876 21868
15827 18253
10859 15834
31253 17532
17939 11012
30343 8018
15619 2282
22263 5662
951 18368
10634 6312
16973 6622
19940 24556
11706 354
14520 31394
26570 14753
4295 17922
23122 20771
10011 14511
21424 26875
22181 22286
30702 13701
28674 19090
32765 15580
24368 29637
28967 23260
29721 30269
18579 31394
24554 16543
12387 18090
2123 32768
11684 13341
8074 27409
5081 17423
24354 14192
17538 2121
17943 19766
31581 6908
23778 22886
16865 31804
25535 25369
11018 13660
30395 15065
23396 20576
21230 15787
2980 22685
2833 10893
32035 30687
17416 9116
13344 17055
2 28325
27739 18901
21124 22700
9460 15495
26596 10500
8298 12774
25183 8403
28476 25702
10695 19202
26436 16077
5349 10016
1300 7954
18839 25660
25108 2370
18888 20766
14007 20161
25500 22568
14152 24305
13011 7060
7699 2428
24894 4495
3794 11707
13091 12654
911 26771
24869 18555
27350 28595
6729 25473
19320 16799
7649 1911
24833 29243
20951 29442
25187 5216
7383 25474
16196 32765
22690 27076
2816 31009
30521 22613
26902 23642
18365 3561
65535 8689
18349 21592
21509 29829
12916 26274
27718 16030
1757 8505
23884 7467
15610 522
11716 31560
5933 12831
14190 11902
6446 6889
5986 3867
2257 15329
1617 13142
15877 14260
2037 17092
16417 13292
9339 5775
19612 5586
18444 6018
4089 15387
8570 6722
32767 18882
29832 3719
13644 14183
24005 557
12537 21723
7802 1
6585 4859
31095 32767
8456 9566
5026 13479
28731 1612
6153 23239
5750 22910
29201 6573
30906 28105
20905 24395
18520 8237
16480 20375
28647 3646
20229 13257
1124 15216
29677 14846
1305 8870
24462 7825
14769 1580
24097 13814
26739 31876
13964 299
4066 0
9209 26951
7834 23091
20791 9141
17720 7124
9564 10194
27105 7561
13667 0
3142 25254
12679 8252
22416 18412
21125 680
15337 16720
3818 3889
4867 6811
8221 16157
631 27699
23431 60
22075 13579
30926 8519
30069 2691
29924 1165
25760 25672
11431 31696
4645 10366
13430 6953
3453 21290
23735 16991
15640 12822
18435 10759
23319 9771
4056 11435
10832 29977
14376 28873
16917 65535
4572 13979
1593 19629
10959 9366
1801 9668
28135 2106
9931 28989
4831 14078
21642 24753
17321 27051
8798 2643
25082 12505
9756 24248
21654 21525
11942 23714
19902 30879
26702 3046
28352 8810
11125 6135
25639 20510
16080 12326
139 18874
12191 26627
15924 23681
32768 30063
1240 25018
30389 30395
6783 31000
11420 10081
9186 10960
9767 27839
21587 7671
19485 28936
16516 2
12109 1922
22411 2727
21815 5269
0 30663
13218 23533
2387 2966
6310 19474
11812 4119
114 20874
5601 6179
6430 1315
1900 1691
20427 23386
13049 21830
15176 10966
28422 18820
26413 22019
7191 26591
24398 4504
24727 24599
8291 3683
23508 25881
20341 19588
13381 8914
30009 608
23558 21349
15477 19406
27804 4991
16613 27560
19086 22305
26175 20352
18847 5195
6222 9186
5350 12987
15359 18210
27597 24864
14558 25698
31843 20251
4497 14614
12640 15133
15796 29720
812 17490
4280 19529
17557 23763
8492 2396
12806 17599
27314 11348
28148 13176
15161 19599
30894 8616
18030 24721
1 30239
25940 14051
12774 26848
24627 27977
27315 9420
31140 17997
28894 28491
1414 21210
5991 22240
14814 8748
17170 20776
32766 17002
27356 31914
22189 28961
14297 31486
23041 7643
14108 87
19811 3519
25775 1808
20569 25359
20737 8539
16307 4997
11157 9401
19836 12528
1114 5897
5018 12556
11886 14884
21790 14412
5383 22336
16839 1797
20195 7300
14735 22827
27948 4076
28534 6456
27814 11074
11356 1034
16818 28760
10603 921
5634 14744
2551 648
17261 19364
22022 16733
1660 21198
10069 11110
491 4691
29326 29254
22849 7670
12233 19118
2963 5440
30081 23028
31387 24749
25832 7210
5561 4284
23307 26383
18991 29062
27827 12750
8201 6015
26273 27376
7940 30627
10379 28664
19128 29600
29377 20537
19943 26312
5966 3440
23892 9180
29881 29792
3655 18085
5550 24432
12428 29956
3426 27614
16113 25326
7134 1024
9120 11317
15342 27112
12431 11841
16006 17747
462 5377
14306 13465
21280 8405
28824 16126
21581 1232
16322 29077
16303 23083
4362 20901
29024 23639
25955 14851
355 20192
2928 25880
12054 7789
17601 16397
10163 29301
