43962
14152
26652
47395
46913
29728
16940
21618
40696
62487
10503
49307
56624
5759
39224
59020
21338
27048
27836
7360
9920
55916
11768
26298
449
63919
32968
23594
11812
53511
2651
14141
26873
26256
28182
840
9330
52858
59946
62980
44338
24025
45726
17600
46697
50810
62789
63932
21811
53186
15281
7314
14956
16374
37920
54524
14299
4347
60703
28307
7003
18727
17261
2612
64884
2555
15218
41998
39759
6350
64266
41257
39228
36544
49639
32966
17788
13506
44138
50427
12015
16491
48291
13321
36306
4134
17971
54703
23312
47114
57787
8859
40201
35356
37140
41088
57986
30483
26023
18671
40784
6221
3112
45384
51971
9552
3254
62549
54746
53910
25853
34984
52902
10097
42955
23387
2766
6051
62863
33255
26754
34647
52
14162
40358
39273
11589
48749
18720
4236
10388
14915
22696
50211
42585
19442
21736
5524
16812
33713
30794
15975
37162
64673
3310
54685
52400
30958
49525
17432
39731
24754
16820
1039
45756
13558
60288
44254
16366
44315
17568
55575
51331
14318
46257
65499
16663
49018
9191
31453
54017
39311
37284
4421
13972
6966
34862
4964
16995
54010
42965
40154
9652
58940
35338
424
5946
43781
43582
10780
6521
36440
1972
35366
20902
18788
45112
7775
17346
21742
8986
13335
14524
56729
11670
43999
53237
37095
28767
27614
40456
1573
984
17287
37228
56124
4865
14789
57255
7294
49862
61426
51624
64596
24385
20085
44091
40963
57319
11012
28611
59186
22111
23633
57590
57473
46913
24004
32792
37345
23682
4703
21210
21233
26938
8264
38008
50117
26429
58038
44491
55010
42300
59398
32734
23246
53106
14384
57574
16133
39481
12495
51456
32127
31910
35364
28960
43304
40476
11400
43364
52765
29750
23357
48396
14478
24907
53033
15299
26178
8802
60260
56702
16101
45528
17770
32038
52501
23824
21320
35601
47600
49129
16789
12
60703
25235
8390
57425
57941
36628
29735
79
52114
60877
23581
853
11089
19026
63893
65249
5919
9924
31961
11860
64963
3188
39789
44912
34043
25051
45869
23498
53144
26125
10439
2792
56969
40753
40469
23364
35640
43170
2797
61909
35364
9149
57161
48875
7755
1640
56144
8579
10698
42358
51363
58146
43894
13873
27062
10003
40869
2090
2181
43539
584
8679
54727
60805
7426
916
57032
44792
5177
27219
9085
20865
7913
58421
8794
25388
45783
44611
221
5607
45025
28542
62100
39328
20417
11528
3727
7333
7924
55699
10308
62499
64342
18890
12318
52838
44196
51472
39110
45646
16927
11194
44603
60052
13666
36264
58166
47793
17606
51656
9824
16875
24642
58870
64671
29546
13143
41416
58086
49190
59730
45687
13593
11299
26776
1235
24708
9061
39757
6213
2113
35956
32762
32142
41090
27374
51147
622
24031
13705
2749
42690
37969
39302
35813
44549
43120
13737
33797
28673
58308
9733
17998
15770
17527
56543
47966
38484
52654
18718
8790
51426
25784
11748
46091
59109
46113
52172
14647
12719
50400
58479
32971
4564
50438
25963
60533
42982
13802
12733
20749
56106
1641
47836
37433
28268
30663
59653
32159
57188
28516
25885
43317
4374
3654
23899
15898
2789
5411
56684
30030
63425
11353
2207
62873
29707
34845
56099
37203
50871
22130
59518
56412
23894
56439
15355
23631
44457
15286
39703
8017
6699
21445
25471
46677
36671
63847
34476
46907
3211
53718
28704
31687
34793
41176
33943
54008
8514
5129
29597
14563
60140
3310
43024
20110
29619
30993
34698
50401
10618
60808
1298
39988
20543
38381
9999
37623
62737
38499
1430
1277
40605
7638
47997
40998
13783
4191
39533
36460
22052
33776
21417
39823
41720
33382
9964
8582
59289
3636
58080
22828
61125
63098
11906
24107
29080
39647
55778
23795
6948
62128
31892
63589
27671
20823
8934
6693
54995
15875
59156
33495
32568
23987
15200
47692
61322
50170
39100
44705
57393
7735
42003
30396
63431
31947
57752
57356
9612
61926
50122
23105
3700
61647
58459
27404
1216
37168
20116
18675
34974
2379
47450
1510
57094
26315
38181
29056
8092
12233
31181
59909
21596
31355
36725
57953
49294
53635
28016
10361
2938
10727
45565
28885
17783
44997
2408
33418
47066
4457
27467
5712
41171
17307
27601
21809
21174
11534
58042
21802
14082
48821
61942
20395
61042
62227
64008
50412
18091
53200
9727
47057
57167
42651
35779
58171
62816
57613
38375
10662
50427
5088
52567
44083
15310
63239
61834
9094
62977
20812
27477
44477
472
23056
114
57200
35986
19204
2793
47762
63221
50302
567
53223
46613
64747
20494
55017
44087
9715
34158
5787
28076
47959
43619
10505
30368
41343
30196
45575
6351
24094
19931
60747
64110
38142
9932
2654
33737
471
60676
41931
7644
58920
45104
57235
45358
30297
6468
26187
51006
4582
38900
16532
34986
4598
28987
33967
15549
25624
51536
2980
49068
31483
41721
58563
16839
39628
21926
22969
15985
908
29929
55512
24737
61015
29980
4265
27870
32170
29507
62885
25009
48401
3969
59511
37066
55688
60595
40734
64335
61525
42679
47190
26804
22710
30846
10908
23231
58679
14882
63200
52352
8350
35791
33247
51536
64295
27771
38683
31119
29034
60933
3267
53217
2167
63166
25759
11075
10093
7771
21140
62243
60237
19410
20374
1681
26489
60051
60727
34414
33011
54955
41862
54304
23931
4090
10469
11582
61906
50481
49641
8328
45843
32061
47828
54204
446
53669
23759
19774
57704
387
30183
12473
31348
62550
46375
48409
53518
35857
49763
33374
51784
8472
41543
49898
38269
14192
58179
2837
58852
62238
9862
19382
50252
35093
48213
56095
23680
20141
31040
54446
21108
18307
1104
43213
45980
51385
6318
61592
45867
4925
981
30861
42092
43391
18273
53638
42196
65441
32821
15623
920
19196
34173
36411
62298
30083
21354
42087
45003
12009
50224
18726
49298
18493
50263
32224
53547
32666
44297
48894
30173
54408
35263
7172
32099
6786
55945
27498
30794
12119
54618
34979
19906
31114
25621
30466
36033
2314
22257
60868
46354
46295
33170
44818
52592
21382
27030
63347
21655
37810
15893
6447
5453
63662
36595
35105
60007
54522
39812
49943
60415
5927
41162
22541
26509
37660
9765
40152
39641
32673
9980
22663
44355
55265
32264
1686
37346
64194
10614
62456
39014
35658
881
22864
56194
65289
13731
27645
45199
7461
39646
40636
36684
15929
28256
55367
7245
56972
46932
23048
46362
57879
20579
