45277
35335
47308
15311
63220
39011
36502
65462
3347
2673
53782
56795
44586
6613
7630
31529
4664
8630
37554
25071
8578
19690
57848
25447
29092
25067
63631
38643
21795
23346
65139
52598
28636
43350
34624
8628
25819
46554
61250
6564
27648
55341
38875
22312
25703
8240
42217
29195
1811
58268
31380
27227
43125
60281
33663
52262
19700
49932
34107
34506
6638
27713
12981
33489
42792
12813
2533
62440
54544
13098
53890
53348
16505
2329
10298
35221
54733
33843
64506
34204
2059
36604
20559
34256
57236
43636
60715
60922
57276
57754
25911
7041
27093
18296
40187
33606
41705
45288
47007
49267
32348
32966
51852
24084
107
25447
30682
56232
10805
49259
10939
6399
25322
36708
15345
45489
33869
60744
49313
41029
36696
57610
40150
27885
51444
49375
6392
9148
5098
64494
14961
959
56306
19598
8061
44556
7573
18397
36495
38711
20470
57319
52629
20349
9519
25965
61664
45398
24312
51859
59132
23539
24927
7698
51936
60446
37496
1926
37839
14888
43581
32472
28867
18514
33245
63066
6250
14730
13667
10908
1492
46790
18944
14574
29039
8046
57673
40445
61735
17761
35874
8201
44175
11548
2350
27477
12643
64908
48037
38964
28740
39897
46909
44588
30026
26035
58093
43063
13786
50845
15887
7532
8229
37728
25408
48547
8523
32569
58122
16529
62459
9661
38453
22865
20107
42948
60405
61750
62026
1814
28004
17464
39040
23383
27106
60535
60911
45684
11214
64547
1566
50006
62234
42818
45798
47981
33758
5683
2233
43005
50888
45975
41340
12707
21653
62480
51001
50021
30535
44664
51039
30404
894
61854
15036
8056
19900
63062
13680
16821
48827
63339
45183
16809
5214
348
27919
40982
7919
15220
57406
15914
36994
56942
53624
56774
5686
5362
10607
62679
36942
32640
52962
57904
44064
13257
13895
4238
7140
36877
12750
63486
57066
44058
31678
11048
18449
13039
5660
4160
10746
19528
42579
25555
6611
21897
57362
31123
8247
24501
48738
30118
14092
44807
44977
8875
29228
24143
27537
39571
20216
50274
51739
32567
15452
23514
48444
568
284
62018
1836
33978
25010
50512
25817
53231
30313
38686
31935
569
51868
4009
35946
32320
17165
25367
50528
38298
1270
25511
43502
57513
14548
23848
57525
25832
27333
50407
20871
27779
61343
4076
44341
42371
1700
6787
36508
54488
38888
27887
14558
13121
55773
56824
16566
46413
50499
4948
14952
16860
6592
42618
44307
22267
47096
23421
11428
58180
18082
27810
4643
63782
24362
11727
55285
56159
53540
57711
60601
12284
7091
17444
9418
37847
3941
37613
49673
16510
65369
52938
41036
37741
52860
63840
13849
35267
54390
17217
39671
34774
61470
51755
45131
4846
35129
45520
27852
56378
41896
45289
14603
22378
27414
53985
12494
7512
13747
51635
29334
16462
18943
19031
29974
52689
62737
5756
45376
18645
51529
48025
30943
61864
10342
63452
49365
53657
27364
13614
39959
25787
61401
58835
55242
47432
65143
54709
24715
4671
60466
54642
37342
2587
52781
5267
55896
50385
3071
59708
4810
33702
37797
57055
37017
33202
64554
56489
57252
50483
60498
33393
20832
865
28309
34861
41026
20384
33085
12919
1157
13498
772
38730
6958
2514
40810
41179
51502
11736
31140
52639
30317
58351
17680
52988
14680
24184
43963
62314
53960
50282
10723
45473
60908
55104
60698
17008
57924
10633
15854
60930
10551
46694
46282
19647
56332
1189
50713
35679
39575
51499
36474
6230
7515
12248
38240
62469
3860
31125
39721
52499
9215
51745
37029
51301
4241
21763
55578
50709
15640
39437
50681
35281
4908
53949
47967
15008
20100
20263
41203
22718
54407
42439
61196
11510
29216
63755
23096
61885
28119
58571
10153
47656
20414
25264
22471
65291
44834
23745
52329
26571
12978
4251
11794
60205
20187
52640
29809
5704
63990
6945
49849
65006
64054
63577
38972
60611
15812
61359
21576
6224
60761
62762
10636
37168
15915
22136
20243
64442
3572
54930
744
53897
13337
330
56677
20024
40282
16696
3249
38008
55500
37313
16032
18757
53682
37221
10110
45882
10520
65490
27274
19439
53690
63813
36289
59392
57709
63777
26923
45177
49966
42372
54456
35721
34716
41729
35094
10180
48727
21487
150
27000
12951
49532
39975
28989
15421
62700
11433
35856
17603
48992
9633
31101
30014
50671
19939
58485
33663
37051
18158
11992
50020
54034
46166
42363
28632
3628
4648
18586
44143
21806
3600
40285
25379
31301
60422
31082
50248
47200
22884
58769
9070
29921
6422
13908
6094
42593
49492
10190
21340
59227
52171
38767
63843
39979
13978
40144
33700
36350
18560
33368
20004
43382
10416
49035
19249
464
11846
62166
5982
53862
62335
24148
60665
28650
13211
18876
605
57670
34040
48590
42347
18288
41086
29148
48560
5053
14218
30002
10864
21379
31589
64034
14084
54553
46991
24263
37422
47416
31147
51235
52453
46529
38281
21039
25787
57337
64462
55926
51495
11835
26045
63259
47800
53518
35713
43149
699
47561
62830
1267
16435
59657
45604
22474
58426
54775
21483
12108
28607
8791
41083
62097
4542
19178
10562
35401
24927
51353
37388
29876
60190
5467
28405
60761
42717
25504
58888
26497
20379
12579
59778
32010
505
37097
27799
19238
55256
55462
52838
25257
31023
33392
9658
30720
33850
28540
15567
3535
2720
19133
24695
6252
51410
5766
25044
54505
27750
57165
5651
9194
19909
41187
39100
41440
35845
6196
63581
47155
57045
32237
20699
58717
48116
39550
55209
2425
48786
46009
37135
24363
36052
14602
64345
62516
48029
31638
57312
32983
6810
28313
35024
40824
26811
37708
46792
37711
53169
40280
53680
37303
43083
62308
13810
55238
58856
43267
50054
32504
10804
1488
22629
41951
8656
35274
18063
40879
14923
61103
5006
56762
7052
3574
39814
5841
11044
59163
28701
28406
43710
39147
12367
60270
31153
22050
59369
27801
4922
4652
51681
59296
24307
56353
24427
49516
15883
43828
27232
58460
52493
41438
21237
12735
62351
52607
3623
4356
59210
47572
30942
55335
63869
56039
31384
62120
48815
9336
26469
8051
11372
28312
13272
64338
11049
31039
44983
14987
48006
56068
30081
9613
40405
37355
24037
31073
30184
41680
39068
27032
44129
58367
9776
43311
53150
23833
11731
32795
24125
45571
36752
43996
55951
6211
12431
17672
2373
36162
45644
8027
17965
21620
52794
25007
58685
6044
12512
59691
63240
34880
