61074
4802
31936
45258
47034
23288
23250
35688
4871
56651
46527
60377
47465
56531
14376
19986
14100
40460
45117
59657
42039
32983
15464
21508
54232
64024
28993
15018
48666
8099
32901
56531
48932
35605
37936
46904
59044
39542
54207
34058
57992
10095
47516
33100
22535
3512
24160
40341
52236
1402
10149
27976
17326
33038
3939
28960
26791
63867
25534
13143
17003
53318
46338
12480
33700
12177
36061
58921
26616
14581
27178
29037
59416
45995
47228
8178
17764
11816
49523
55119
58179
63514
34684
24207
21543
16904
16895
57162
25669
47833
52640
17391
7402
59183
60158
5544
49096
54924
60985
41256
14766
11638
28820
42679
53235
2781
40974
51557
2864
31787
64039
52141
19347
48347
6892
41436
6537
15425
63067
22432
370
59942
19059
50938
33126
58200
44618
34305
65387
46139
47176
42442
45323
5691
17720
61715
61070
38392
50115
34225
48043
7176
33829
28542
2257
34908
538
15390
3798
20786
33343
28869
41170
20015
47083
36232
40965
15086
11109
27405
38865
40528
21058
46711
53309
50202
28901
49698
24360
56402
34574
29260
38190
15364
37090
20431
31331
11894
44318
31300
26245
8211
24987
50589
55602
51646
48440
24834
49970
3056
26168
59792
16192
1271
46240
51675
621
49692
53700
38490
58342
54327
53250
63691
11064
42877
21865
56757
17546
3309
38515
51474
6484
9600
45597
1852
38322
39197
31519
28014
32788
31520
56793
50094
6798
32578
47615
21272
32783
51632
46901
59969
4368
34076
37380
43954
47500
31542
50294
1314
46594
43822
26968
30072
39723
17948
7319
36974
25510
54165
9941
15170
12146
49310
40184
48318
39149
4983
44497
33834
42834
52383
10680
39125
54771
60346
47018
12483
54543
35666
669
36692
14046
34255
9366
36996
49118
30644
34102
3270
62000
61215
16488
481
11138
63922
48612
26570
44840
10969
31608
37830
1943
43717
12120
60886
2830
56996
52688
59816
54716
21545
59362
64843
48347
45561
37420
14058
57323
49783
62815
63699
29592
36985
45061
58453
46137
38094
62581
8394
47930
141
28568
24755
34542
50063
51598
50505
703
58942
18863
56761
41413
63104
7581
57047
13486
26093
17779
37831
30855
36081
62819
31064
60591
34445
47329
23385
62555
32759
61344
3539
15495
58584
3494
25441
6610
48345
26271
35442
9201
49832
1216
35773
49809
45703
19493
14534
2498
61394
12349
41581
45889
11008
41377
30216
39965
10091
53052
42303
1541
48964
18385
45740
2537
46615
1397
61755
2185
15394
8094
31912
57448
1158
17675
62470
46190
11796
1649
36812
31126
5422
27858
31369
62255
6510
62034
17490
33113
51980
18637
7940
11556
13214
29285
62622
6277
20714
62162
22792
1062
47747
23222
21054
24865
57590
20131
46979
57694
38751
25529
9172
36688
53236
6754
38007
29781
2433
12583
5064
18278
54913
7860
38160
33543
8853
40279
49676
116
10890
11160
27638
44776
12054
51462
3878
53454
16272
28606
30261
11316
56102
23583
59719
48961
34257
35777
4591
7902
32467
50252
53163
7142
64307
18940
63456
12375
46701
65026
61799
31287
54039
63087
45800
7994
20379
17156
44327
44689
13135
65450
42306
5197
64456
11904
59731
9212
20447
36727
37969
5990
15335
23212
59792
55923
52465
33840
47890
48431
49561
23156
59301
35971
7343
32726
44403
63657
3114
63457
31361
16456
42538
27748
61303
51087
57828
44733
30183
54083
20649
42962
14309
31125
21018
59884
27006
55790
48833
10916
53683
19460
2092
18365
57892
51855
83
23224
50741
24192
11563
19301
42491
28007
17540
426
60817
15647
41588
15614
56584
45788
3058
39813
30074
12120
56728
59350
45619
18764
38268
40303
50721
36842
1190
62082
3563
19978
60489
53660
47733
18387
33341
22362
56529
8490
53653
11916
52273
37052
25345
23118
5065
23394
35960
20758
34340
37698
17516
55924
5773
20229
16194
3837
1646
33880
10633
11760
36982
36754
62004
38012
53512
48544
8144
4751
19348
1368
44816
2884
50352
36984
35619
23757
539
16745
64368
11012
48633
65026
31759
27736
55281
21529
22626
24192
39016
898
39265
3836
31969
48847
11313
40933
34645
46652
1646
56039
30109
55344
45274
6187
8762
22028
19881
51560
49210
10642
2101
62882
60401
43169
6547
44673
60016
21138
42049
8816
13070
39735
21308
36189
54125
42171
24073
50323
50213
42135
8199
54704
44510
57236
21744
58943
52190
11573
26313
32817
56841
26545
48467
36315
16526
23849
58747
52007
19273
35591
34602
54067
45729
22828
50596
5075
25920
60238
14612
15422
22907
7441
62138
48121
30235
58626
9946
50497
25098
47862
36313
16042
9295
28140
36008
41755
61301
57298
46997
38000
58219
45703
9166
8642
51847
49711
39357
30712
57412
1253
44066
48352
17364
49823
18775
20690
28924
51184
27848
44458
40857
53345
61095
14519
55673
45349
8516
4863
154
26744
20649
23689
7526
50636
49418
11587
19710
18396
19104
48579
3596
11653
2668
4292
53849
34583
60388
54095
23528
34810
22140
12563
44635
37337
31330
18623
18819
45160
54998
36038
3385
14889
4709
14923
34852
39763
61805
15950
367
19389
3403
16994
7167
58303
11904
44431
59107
37691
41683
55137
13635
58342
32743
40735
57812
64261
41252
41627
11494
55936
15266
35074
32880
27544
36034
37581
24540
45959
64783
42905
16694
108
50515
10434
44253
20657
32963
48123
8867
32644
6054
9377
36303
41810
14703
65466
51150
64334
11859
30242
49279
25970
37301
19457
27486
55097
40812
14686
2885
41970
61325
31814
7932
65234
17859
49057
11056
59862
36536
51334
15781
30567
6883
10284
33145
45885
32269
26386
5313
53593
20078
56664
60135
35539
28999
23078
36280
13754
22573
50421
38196
64597
37280
40256
39364
22930
8796
56660
25660
21866
57642
54255
40461
33380
14579
25976
46207
52818
46744
2691
54997
11205
22230
53330
537
55526
13905
41456
15156
47518
35793
25752
65417
43716
437
9207
43514
22945
27934
11364
35637
14841
60794
57296
62221
28153
42762
13774
25641
16441
45400
52680
46719
1901
103
15721
38311
8038
54243
1377
2788
12070
45843
5294
16023
17737
42402
3078
24719
30682
39826
17394
35943
8226
58702
18877
7553
11050
40933
31344
44827
23137
2753
23402
24074
22403
51878
30164
35597
26512
56453
46803
37328
43545
11045
50977
24696
54780
28541
57129
2580
11605
33067
2735
21509
2601
41084
50319
6653
9615
6085
45989
50467
