43772
64573
31854
7118
52263
36010
22913
7736
46272
44612
60197
46320
50845
28078
4076
28485
37606
1624
12097
64147
18739
15770
12902
29034
26961
7753
56432
57695
37494
51044
32219
62007
32392
10408
54175
12591
22773
46375
65008
49576
10615
60037
15016
12570
8095
7938
5369
1463
15965
18644
50118
8018
36097
3629
40102
63983
32654
57718
35475
44957
56881
9066
22360
21528
61879
55605
4920
21940
28272
32662
20239
33972
8781
52017
2932
57449
41513
49082
48584
48902
10771
55985
46825
26895
27193
46887
21529
32912
53816
9180
57626
58517
24666
21060
40246
58274
22052
28345
64078
54925
45789
62351
55164
26842
65090
64438
11602
8602
29648
602
15427
5497
4268
36499
22800
40233
38370
6832
34513
36771
11127
56776
15586
33037
15250
28266
35103
47781
59879
32402
6920
38451
45345
16341
15965
38194
62299
43708
1330
52929
12030
25516
55738
60746
42150
39898
64489
4439
12395
24267
5230
38718
31644
25387
14579
31605
5284
2110
10165
11931
37862
47283
18911
64500
34418
38405
56039
3859
743
9924
37189
8533
58503
9822
59977
19978
60231
8066
33727
27673
2021
22972
63718
51607
33435
53762
39067
14974
39052
63438
32338
51048
48352
53152
49954
25107
28035
34120
47979
3649
30863
43594
34866
23395
42840
29177
60271
42964
13150
58749
5899
10606
41645
35409
41774
62049
60656
62534
28256
15120
31884
59245
7141
59130
56180
50316
3424
46056
55322
38865
60
39376
58518
46137
1486
42502
43356
38486
61817
52254
9305
14177
44675
25816
16793
64611
14716
20185
42897
19677
33203
14890
46441
8789
15968
22250
59772
53560
25993
4079
52051
14424
60130
65145
6640
22653
60189
58672
53383
14225
26318
18507
47531
26674
16873
44870
34487
48542
54625
44853
16377
62417
18148
111
57827
53333
30753
12801
19001
27504
16045
2530
29893
4167
54098
53809
32331
2396
45552
36225
885
17088
20168
4
11365
60867
32249
28324
11723
19987
62408
33342
57948
63858
11842
33722
24143
19455
34300
33755
61635
28217
61870
24992
37618
59122
32514
27894
5987
27406
55772
27760
54307
62722
33807
27999
5189
57736
19850
14951
23956
58743
60809
33923
8964
10970
26605
58325
10195
13031
63032
43199
25162
7322
12376
22502
7718
12041
730
5006
7513
60097
15133
2482
59417
47614
42998
63547
38960
23407
63606
56905
9293
41380
43526
55398
14457
43279
50825
56306
38018
1212
16489
3762
1043
65331
65377
22455
48124
51417
20944
15602
37565
51845
44659
31440
4586
12018
47536
14717
57438
42558
18535
12358
10482
12066
3205
23695
62928
36257
37516
52309
55294
33449
64873
53810
26799
41463
8283
23343
47574
45531
57581
28781
22390
622
39727
15678
42638
57061
48393
5707
55713
61498
36660
63241
58870
37192
27104
46837
37099
3334
56985
46564
32518
3995
36539
9243
50811
54967
49361
46127
33403
40439
10721
54365
47241
1922
31043
1370
64266
37083
30395
65453
1625
4663
11020
3377
28491
60487
62177
10887
14360
32070
38125
47009
36838
17062
21485
32802
296
19794
43467
4679
29992
39171
59325
23446
58539
44184
20159
43236
19059
48954
4024
61674
3306
26629
50111
54125
49833
9245
25935
29721
51901
57725
30353
45735
51034
60262
51925
47059
12580
62886
28028
22933
33465
38649
57893
34689
29171
36344
35160
38138
31779
39874
20570
4219
44998
16431
57416
62301
2357
33129
9302
31460
10506
37222
52979
30491
34243
35721
58578
39854
56980
50234
1568
53231
62317
34036
11513
44001
20439
36326
56
45796
20916
42521
49695
16894
53335
17021
45915
39039
3565
4857
61368
54185
24269
43476
3224
18556
23363
64801
24223
1884
62512
31356
53023
41834
17198
24301
49638
27204
6470
14802
49536
32091
62699
34928
22890
13311
62442
2658
22152
5216
50279
5286
64703
24187
14982
11756
35128
23730
25936
50038
50842
47604
21397
3783
21710
26228
62842
17954
31447
64487
11939
930
57361
39273
2051
40041
32263
51576
53573
12518
29117
49330
43047
24425
13271
48108
16228
45768
39903
18078
565
55038
46619
55342
4110
2807
16604
3962
46685
8145
36122
47764
29883
40225
15922
7863
10269
44504
6695
19016
40213
6464
47088
2585
6519
22427
10404
7034
13181
47596
29177
38255
35603
19830
7968
19214
12090
31378
38347
39806
27403
30303
12600
55361
26386
42058
51049
54778
16946
38653
48318
58357
46465
13146
47900
4194
27080
53807
6979
23574
25786
56196
22591
32698
16248
10190
60903
56201
28129
54364
40381
32155
61035
22114
33759
43514
43260
39964
27065
26752
48051
62384
61425
37854
37532
44581
39706
64914
48266
44501
31449
5585
2508
53243
53253
36233
29064
65507
53328
38569
56627
717
9162
18491
36668
12196
50404
5499
11788
45126
40803
36042
30201
14416
12346
38612
37644
48383
46556
14872
22842
35727
26420
19027
27804
31595
51850
20513
20917
8716
61842
55750
53926
59271
3609
8142
57432
54706
37004
11017
60794
10188
56046
17058
50851
28774
24516
28488
33893
61826
17713
62912
52130
23691
45991
51698
64873
32583
59399
60984
41318
59624
992
37225
31845
301
27132
19598
58975
7705
19612
15079
27074
25023
47039
41351
41831
60640
39158
9180
61978
62399
339
50133
64084
61498
40249
1403
8723
4758
32639
53408
26087
64399
53393
36414
47312
23290
37696
63272
37175
37718
15946
51183
59077
30929
14252
50416
16786
36433
7389
56320
18869
60753
23284
52985
25515
7998
11246
18928
39698
47958
57134
50616
1021
17148
55360
51436
19538
40457
62810
52230
15525
768
28561
44316
8362
58805
28529
6080
48623
14766
13923
22497
60367
25320
57408
60716
31609
29632
37107
5404
39359
37082
14097
30189
37787
42534
63344
18114
40313
32694
12138
10927
38062
47216
22365
3761
30604
38366
33854
46304
57868
51868
57583
11849
64590
21780
45132
2217
32191
3228
3017
10031
61835
62065
42527
38960
60626
12427
58303
38538
23655
15772
41034
46277
49741
22730
19303
56762
30449
17515
47471
26273
50028
11112
10527
3453
60231
48237
23964
37797
11183
42013
14857
37426
35312
32976
25116
23072
3028
26323
17686
49380
17728
46261
27291
48405
62139
17522
60984
54449
34796
32625
21771
20778
37590
26726
63438
14054
32626
20283
33874
7130
57672
18816
60248
1706
43488
20388
25485
5026
42354
40533
16084
48913
48477
59760
51578
44587
38454
12241
63401
29162
