5998
35509
54460
2808
62468
12190
13881
62883
6567
49195
57434
32403
61232
21756
26566
27812
7972
45195
17397
9951
40277
5128
36731
30847
41261
16627
15930
46552
18682
59884
24955
58432
16625
41029
19337
20444
18501
10925
6166
22016
43073
22947
43295
14126
15847
43758
4865
38195
32330
48199
36430
28907
3338
64194
13883
33758
33201
24700
279
32742
53364
21527
57679
261
37802
28232
31113
43004
36057
9353
61151
58074
26962
18917
4259
2122
64023
51516
40351
55663
23836
41720
35076
41659
48675
11638
42294
63409
53235
23748
4528
33350
22692
3130
8165
65092
47220
7861
59750
13781
39257
8236
45619
59902
55982
65273
8355
57882
47617
146
2695
12459
17056
43299
63603
26758
50168
59053
29160
15815
1377
36127
63502
50352
4206
63381
11244
10074
46750
23860
33207
21057
38399
13308
11153
8369
61440
57819
17612
57834
65257
52158
52310
42081
51870
45015
65465
36264
28532
51148
61844
23724
53723
64099
30481
15138
54380
4123
57235
60130
58750
33216
22259
51706
43827
6151
42072
34374
8915
37694
21019
61449
44856
14582
59368
4077
47763
62655
8737
19253
60178
62849
64802
32730
21661
56170
25214
56247
55299
5393
21153
31018
5748
4639
29510
48347
32006
35001
23669
2512
40559
39786
48827
44906
13222
46608
22577
15839
53699
55951
55096
57824
28322
16068
58949
40777
23621
24327
40769
62177
50921
31703
59693
31010
38791
56742
9109
52716
9504
6500
19541
35847
14179
53538
44931
37473
57202
36623
53847
33996
51228
62899
35960
799
45110
63804
43686
35965
20313
44779
22022
60563
16358
49564
14122
58321
1707
47740
39685
35192
61669
40068
41356
53544
7886
37583
5436
941
17869
14866
34926
41760
36557
24829
26937
56257
3079
35898
46634
12685
7721
57215
10947
38954
59870
12259
25774
24269
54315
43328
17118
39138
3614
6057
42541
63479
51910
23084
63008
54199
39701
25119
11879
22713
18067
1249
46161
2377
2650
6954
42099
6847
50300
3156
39521
62014
30011
48311
16287
37445
17100
54099
43173
14864
48142
64889
63845
13539
4133
3666
45523
39176
59372
8154
45585
16064
8080
56502
59650
8172
5376
65347
28841
33715
21274
24611
58726
23910
55698
22289
11241
37164
29105
60465
1520
58217
26967
29137
47634
44617
61751
35426
47666
7392
59415
4817
23103
17565
63084
6049
33932
5171
6398
45957
18226
21788
50101
25656
16213
65057
10516
40371
44293
58909
41286
63025
22385
61817
28920
56768
49226
24075
23094
54498
35918
33050
3655
40787
65200
60413
13798
33626
5943
55066
13084
3127
1353
28320
50282
45499
11431
40937
64338
19207
2939
35324
54939
4108
40331
15275
10593
24523
24050
64511
10887
40540
57365
54686
33662
47842
44545
21879
22287
20863
55384
47458
48607
63333
4276
36988
3744
33387
46189
4111
16054
36845
3257
2203
16559
5443
52853
6253
52105
44698
38374
35487
41033
63649
24292
8597
39202
18019
33496
9777
16389
36957
34820
51765
46883
40010
21719
47814
63710
2194
39921
28599
21173
13190
43312
16269
42177
42132
10355
30933
15516
35200
61978
34692
6156
7376
33154
26939
55520
16908
34376
51096
52695
5147
62659
25638
30747
35154
44323
30063
48459
63408
12591
51560
43759
35680
52258
22773
18743
10048
49630
19819
52735
13377
10549
50810
285
29799
54702
59220
9400
8597
36971
43651
61837
18699
23778
37752
25223
24327
24816
15422
42989
44105
6924
50153
25967
59147
9729
56342
43228
61269
41979
29841
4670
2454
38419
34621
65303
11100
30363
41799
28193
2164
59745
52555
4275
29055
44875
43013
9330
10589
42190
3172
35683
4574
59225
9341
23559
51103
43372
36013
8614
26674
21705
42060
48736
14902
58732
54838
25235
60436
42803
46504
63335
60325
37287
14210
32553
2096
59975
16626
51609
34945
30938
47301
29058
24678
6109
2337
52660
44178
61863
48526
12733
20240
55178
9120
27493
30252
47386
6165
30179
11858
17068
2114
48295
56162
7340
58628
58459
20708
29486
23390
4628
3228
25120
61582
26159
20143
35789
59521
38014
4274
19236
56857
49837
50871
55401
1826
36643
14481
17855
63575
7465
5851
41919
25494
6132
37273
31981
52849
51056
49715
10902
59857
49470
30215
3400
5784
54416
2490
46549
35330
65242
41131
7976
50177
15161
33510
57182
63383
57718
14330
14664
20900
45402
64879
1587
6093
62016
51448
44028
36267
14382
49962
31187
14935
4116
20026
27199
53223
17340
64066
40065
64094
29430
64017
17333
18135
28235
23187
32770
61730
35811
55807
26325
8977
60779
61040
25869
7877
2750
4463
1045
21757
47794
51003
51289
19340
65135
45219
52124
42415
806
5074
58317
30522
62162
27478
40082
58649
56862
58850
50220
30582
57503
53875
20861
28985
59941
64931
53401
14745
44076
64254
29516
8747
14842
55567
29843
1467
56106
48793
52362
17244
21710
51173
38130
34273
24982
26199
6056
24242
57499
44693
52774
14885
56299
5709
61960
59568
8371
20961
9042
43511
474
35672
28373
64396
52932
53278
64240
29535
2810
8848
34405
53221
17868
40152
4127
55559
2126
21469
9049
1898
17073
7046
40529
216
37006
24120
25929
5731
13297
63648
47121
27144
46864
15522
49488
6039
14157
34399
43709
52537
60299
719
7813
42747
23425
45622
49864
53321
329
7087
52845
12020
32027
31791
52212
649
46961
21158
47965
61918
20206
50660
40373
58650
2354
64649
51577
23425
64592
27195
44946
2595
26105
36720
58769
22453
56409
13665
63380
22452
62778
13588
53818
18090
20238
5751
20667
3201
24459
59457
29295
56745
10233
61540
50528
42584
32269
32283
4322
5008
38576
13203
52626
16143
12487
31900
12331
27408
11526
9919
1384
19388
20380
49401
13895
59817
48765
32616
62937
45704
1793
565
29970
4968
25992
10401
41491
17080
14468
45943
19883
36494
44604
18882
63265
7929
18275
19881
9734
1477
60641
25030
5127
62027
65066
38760
56314
33485
38950
2228
21494
4621
35599
42103
10349
26476
30369
1108
27364
15863
20183
25806
30672
46469
13177
13105
54010
63867
57855
42846
19801
3113
61727
25503
25032
26870
17359
62789
62691
61248
59836
59169
46823
33984
31263
12628
53898
6112
65177
2184
15984
7388
49514
47357
59068
6604
22012
32050
14717
22002
55994
40537
41624
63617
49483
10851
61359
35934
13359
17540
36876
61174
20405
16370
13414
50034
51582
14244
61450
47210
