33297
1524
23899
11312
8221
9959
49069
43216
43083
44687
62913
5778
58833
64491
45968
52167
52013
57969
5375
18884
48124
43782
2981
6631
7972
17573
35456
32115
48587
7644
61628
12015
54797
21031
23132
35212
52878
27638
58119
59787
63657
48667
59496
31571
52639
58686
53394
28988
13587
30675
58260
62628
26738
21166
11375
32172
16808
51474
48044
39182
36691
23095
36124
37334
19111
2934
50644
11430
41925
25475
58498
55405
64430
17736
33584
35756
33262
8687
63990
51048
3434
11883
43778
61194
40876
28173
39629
3008
37320
34419
50591
31449
4587
53710
3727
30594
25123
32393
49520
65193
18060
18191
4518
20528
63276
1297
33064
47692
24252
11290
15995
41166
47755
29638
26572
3969
45521
30465
61463
45551
16345
46879
18988
21318
27058
18211
3340
5406
62303
15150
6527
26591
1308
47872
7765
63786
28520
36997
55763
19354
62728
46917
52196
21018
52536
26567
31779
35373
45733
8528
39525
2471
30440
4750
17110
8905
46608
48544
49699
15354
14188
61574
25654
14055
1206
1812
57141
43410
51844
22197
94
59502
64213
54572
22125
15418
24167
1965
12807
41775
52239
28278
22598
53578
42823
14646
37266
53314
3598
18429
4927
34629
49470
32432
10778
49106
7832
61879
37647
51244
5316
18682
3202
25646
10883
27445
27373
38059
20215
45549
40135
3193
36616
31294
25835
1225
62650
35288
20130
48079
23344
19776
47842
36206
35175
25235
42130
49240
10010
63893
9180
21477
52349
23389
57940
26961
59605
48603
22145
3445
49994
61994
20174
53119
47022
4744
56520
21316
41250
23334
47547
58849
55636
61591
63351
40711
50267
41900
53659
14775
33398
61470
9170
4809
62967
30604
19258
43428
25356
50482
50362
4088
1300
13813
52432
64397
14109
25100
38699
46445
55249
49663
4810
11728
63788
62009
53638
51488
28021
51743
28468
3480
21597
52182
60077
11323
53484
12317
21885
58869
4463
26579
49908
58022
36227
49432
5993
24124
13925
23250
20597
20517
52005
14694
10306
33010
38608
28186
41690
25667
61571
41735
35142
31800
19170
20645
37993
26392
32743
4957
24743
13505
8382
16519
44338
21554
59647
40592
27017
43500
3325
44260
45446
27835
56474
2329
1878
53671
41176
45562
47880
1456
52804
45942
35814
43749
18678
3233
473
59711
37423
11
14079
61473
5596
9624
65277
30136
58166
54990
14667
37187
29850
7610
10758
51828
25422
37970
845
37865
62978
30239
24311
35099
5882
28901
49494
51928
52364
46953
45838
16287
13826
25040
24051
24043
31686
14642
4202
29420
20198
60604
39494
10680
57377
42527
48161
41853
23456
60198
24628
30619
5491
44662
29293
61731
7303
22945
55978
45516
49591
9140
3549
2103
56825
33121
61260
45066
12534
13720
43069
10504
21516
13397
54763
37356
44666
11919
61553
54896
24899
27879
31048
33485
42249
28144
23803
47801
2738
11205
27636
19174
10574
44036
25092
34880
16245
32401
53516
50859
58203
58114
46792
44841
37918
15955
26715
28727
15289
56968
28570
49203
511
26554
6927
13551
5165
57468
10367
40323
31469
799
21726
21319
40774
42011
36288
46726
1383
36689
52146
24693
7224
57060
47664
64075
7340
44686
55634
23117
23689
48760
36492
33175
54342
3582
41274
8249
24462
4540
65395
16856
40171
20482
31077
30975
42046
51425
43946
6160
43190
3633
35701
60185
32039
37688
16007
14045
35416
41752
46816
27551
24576
62235
49716
3610
15056
42258
35877
7488
37500
11678
29157
43669
51784
10289
19301
2600
34013
7527
20324
11613
28597
57134
61342
16499
43243
28951
42517
38803
31618
57540
53019
373
29513
28271
5481
38363
50970
54892
18813
20407
53705
23544
24617
8637
53325
8922
49926
50239
14009
26116
29977
43261
61550
8470
56207
18114
59651
55822
50536
16121
35519
12768
10467
33295
57495
45667
53595
1004
25950
56202
19798
38621
8253
41644
38552
44943
12587
33468
43010
20548
11820
15952
50747
50805
38079
23252
22079
17846
41090
21518
23314
14712
61366
54660
390
58929
45566
3019
39602
12323
56781
13231
65304
20802
42041
46834
43806
36063
26905
36685
36093
3940
1795
59121
29498
13774
28828
61778
20827
54424
64902
20095
15124
71
3310
1899
7893
22057
19468
62922
32953
23103
48581
22514
64597
41329
28632
44007
34810
2720
35317
7334
56673
55553
38732
48049
45266
9067
1920
59709
54345
22385
58166
51530
64237
43807
34377
25533
19516
54483
47587
32178
55895
23828
44323
31916
8107
35523
49269
10586
48413
49039
10384
39237
52830
7525
10940
36414
56254
23305
10716
6758
18096
53100
54106
8265
40312
45751
17303
17283
39726
40135
64942
1757
3559
30667
12563
13766
62991
59864
46109
40608
63045
47700
64200
27086
43354
50232
62377
22152
33271
1293
6141
59227
11466
8923
20383
31596
43539
2637
5096
38750
50795
18296
43743
41793
39854
50074
26455
9921
36233
7573
23569
59272
5390
55767
28875
17827
48604
30955
63974
59264
52316
51454
21469
46544
12562
9343
48759
4098
49255
46223
64892
4473
17564
49047
11622
32120
52293
15135
21601
23291
27126
10149
5624
40536
44962
24996
25656
328
39639
51324
2699
19678
21512
41282
61942
43040
58602
30910
49186
47877
41942
6984
64462
2421
17913
7724
37191
14432
418
18379
12115
55850
8940
11941
38609
3896
53069
13912
62995
11980
64369
7444
26576
32127
7587
34133
41855
2004
39168
4778
35415
9646
20843
53387
1159
38940
62985
7908
11178
39806
60947
49551
53543
24358
48555
28291
20857
58441
8676
14236
5156
16157
16274
11958
36382
22934
12509
5222
32436
60497
41985
54140
65203
65153
29575
38580
65403
43084
37581
64754
61452
48989
18330
10150
24410
42152
25301
42495
14996
37863
51722
64557
36075
63934
491
10799
45750
40731
36735
5326
24063
32989
12288
4981
36328
42590
15549
46601
28296
26470
57750
54705
17410
33084
36170
45428
50871
52775
40018
31006
53993
374
18768
18289
52647
53430
3047
53356
28614
12983
50550
16639
5579
39225
21422
44417
34566
35421
45771
51536
54899
16299
54125
58055
9546
45334
10805
8217
28034
11626
33103
56090
59955
53299
10262
22286
52767
41695
9064
34375
21300
15264
50544
23626
44298
20113
30549
36827
4983
53466
12974
4181
35127
29637
30509
38465
27652
23935
59320
30556
56418
52474
51552
30910
58690
29990
57845
62169
33501
64311
39902
48079
20689
54294
22403
45973
