32767 
144 
0 
0 
-1 
3 
2 
2 
32767 
32767 
-32768 
-32768 
32767 
9214 
19088 
-12508 
26304 
-32768 
-32768 
32767 
9177 
-32768 
-3900 
16729 
-31717 
32767 
32767 
17388 
-32768 
-10850 
32767 
-24884 
13682 
-32768 
-11359 
-18496 
24493 
-32768 
32767 
32767 
21014 
-8320 
-17663 
-3746 
32767 
-11459 
7664 
-32465 
-17055 
-32768 
1156 
-19698 
-9569 
-32768 
32767 
-15646 
16667 
20240 
-13243 
25733 
-32768 
1168 
32767 
-8035 
9674 
8430 
15723 
-31290 
-29555 
-25803 
-32768 
5300 
-28546 
-28976 
-15786 
15443 
-32768 
24114 
-32768 
-6739 
17476 
32767 
-32768 
22735 
-32526 
-20498 
31998 
21017 
-32027 
-32768 
511 
31101 
29349 
-32768 
14638 
32767 
-2522 
13000 
32767 
31591 
-5642 
-32768 
-19456 
13319 
-17967 
10076 
-8442 
30373 
-20698 
-32768 
-28345 
-15177 
9569 
32767 
-16125 
20051 
16686 
32767 
-30241 
32767 
26859 
-30564 
13491 
-25169 
-32768 
11166 
27989 
-32768 
-26089 
-32768 
32767 
-4906 
32767 
-32768 
5381 
-22388 
9082 
-15543 
6175 
14981 
-565 
32767 
-32768 
32767 
-21097 
32767 
1917 
4471 
-25683 
-18542 
120 
-10484 
-20641 
2141 
-4408 
3 
8400 
20718 
3807 
-6363 
30021 
-4821 
-3977 
32767 
12685 
32767 
32767 
-25486 
-9183 
-7238 
-10399 
-11931 
32767 
-32768 
22609 
17432 
8258 
-8521 
-15082 
-4121 
106 
13281 
16936 
17918 
22884 
-30994 
32767 
32767 
-32768 
-32768 
-32768 
4485 
31802 
-26933 
32767 
32767 
1509 
-7225 
-18632 
32767 
-19626 
11793 
-9484 
-868 
23345 
-20149 
-16071 
9856 
5141 
-25278 
-32768 
12168 
-21513 
-32768 
459 
30809 
27053 
-32768 
-19829 
-32768 
-31146 
8836 
32767 
-506 
31023 
31805 
19869 
-32768 
1971 
5243 
-8380 
-23960 
32767 
29240 
-28767 
23372 
-4727 
12823 
-32768 
32767 
-8237 
15320 
3798 
-32768 
-17895 
-14027 
-32768 
32767 
-32768 
-10006 
-32768 
-32768 
30562 
14972 
32767 
32767 
32767 
32767 
12319 
788 
-25013 
28308 
-32768 
-32341 
-32768 
32767 
-9723 
-17592 
-14799 
-32768 
32767 
29804 
-4092 
-4283 
-14361 
32454 
32767 
27038 
32767 
-32768 
-14255 
-32768 
32767 
-30618 
-32768 
32175 
26961 
28985 
-11107 
27576 
-2968 
19264 
-4825 
9116 
-32768 
10798 
-16897 
-10944 
32053 
32767 
32767 
23654 
-6275 
15411 
32767 
32767 
-32768 
27369 
32767 
22599 
-4573 
-15359 
-16888 
-23260 
-32768 
-19553 
-28485 
-32768 
17300 
-23615 
32767 
-2662 
19191 
-3428 
32767 
-17832 
-988 
-14761 
-11711 
-10127 
-32768 
32767 
-24241 
11340 
25397 
9199 
27036 
-32768 
6490 
24960 
32767 
-31199 
28359 
-29920 
32767 
32767 
-32768 
32767 
14499 
-25394 
13608 
-11911 
-12776 
-18360 
-8937 
32767 
-23454 
19164 
-32768 
-13635 
-30496 
32767 
-7424 
32767 
-6076 
8792 
7901 
947 
22011 
-5540 
-23940 
18226 
-32768 
23880 
5757 
-17513 
17894 
-32768 
-5182 
32767 
26836 
671 
-5079 
32767 
-29036 
9137 
-32768 
11433 
23835 
-20663 
11264 
32767 
-32768 
-32768 
-32768 
-7093 
23633 
1643 
-29971 
-7318 
19811 
-18936 
1456 
-18307 
-32768 
-32768 
-32768 
32767 
-32768 
27282 
6332 
-32768 
-16100 
20417 
32767 
1602 
10104 
-3678 
13645 
-21803 
-5141 
2938 
-16955 
-14743 
7899 
-18987 
23991 
25213 
20176 
-32768 
32767 
-19318 
7178 
17919 
-27787 
13779 
-9110 
4128 
2296 
6369 
32767 
-9028 
-16103 
5990 
25358 
-19991 
-13322 
32767 
-32768 
-27952 
-18594 
-7419 
15634 
32767 
-32095 
32767 
14438 
-2318 
13621 
-12782 
5426 
15666 
32767 
5745 
-15264 
32767 
-29521 
-32461 
-19798 
32767 
7442 
32767 
-9835 
-1952 
-23591 
13756 
28159 
13802 
28307 
10625 
-32768 
14284 
-5486 
13831 
32767 
23847 
-25680 
-26277 
22762 
13819 
-17754 
32767 
-24036 
-8785 
6353 
-25608 
-1268 
-32768 
22734 
32767 
12775 
9110 
-32768 
968 
14949 
-24181 
-4777 
32767 
-32768 
32767 
31040 
9635 
-23217 
16812 
29620 
-32768 
32767 
-14412 
3954 
-32768 
-18533 
-17267 
32767 
16174 
15138 
-1963 
-8611 
25817 
-22557 
9472 
32767 
5289 
-11714 
-174 
32767 
-19221 
32767 
13096 
-20879 
23489 
-24300 
3868 
-3294 
32767 
32767 
-23402 
27508 
24323 
14697 
28035 
32767 
25184 
-5056 
32767 
-32768 
32767 
26436 
-32768 
32767 
-19679 
7495 
30912 
-32768 
8058 
32767 
-32768 
-32768 
32767 
-31024 
-207 
32767 
-32768 
-8727 
32767 
10204 
13778 
-29283 
-32768 
-32768 
-32768 
-387 
-27842 
32767 
32767 
-15879 
16856 
-28311 
13769 
13425 
31097 
25767 
27196 
10660 
-32768 
1332 
-11780 
-27517 
32767 
32767 
32767 
32767 
23791 
5397 
32232 
32767 
-32768 
32767 
-32768 
-5058 
-3315 
438 
28090 
-12604 
-24340 
-6838 
-6971 
-17684 
-9579 
-32768 
7979 
-9400 
29441 
-28162 
-21306 
-17498 
11285 
-24330 
3187 
32767 
-16322 
-30285 
-32768 
19849 
17056 
18288 
1753 
-22183 
6237 
32767 
-28474 
-9673 
3285 
-27408 
32767 
895 
32767 
29219 
-32768 
365 
32767 
32767 
-20195 
-23542 
-32768 
13154 
32767 
-21217 
-8220 
-31075 
2611 
-621 
-17626 
-13101 
-32768 
32767 
-8355 
32767 
4353 
-15367 
28882 
-17918 
-32768 
22767 
-32768 
-32768 
-32768 
-32768 
22182 
-1708 
32767 
32767 
32767 
-20670 
-21267 
-1193 
-30015 
87 
2132 
-32768 
-32768 
-8349 
-32768 
10048 
32767 
8326 
32767 
-15883 
32767 
14492 
-29953 
16241 
21958 
-28995 
32767 
1321 
8608 
32767 
32767 
32767 
31728 
30125 
18043 
682 
-7272 
21504 
32767 
6002 
-23089 
-2683 
18274 
-32768 
32767 
23389 
-25372 
32767 
-32768 
-3430 
32767 
32767 
-7468 
14783 
-32768 
-32768 
-645 
-32768 
-10514 
-32768 
-32768 
-10848 
32767 
-32768 
-32649 
-15329 
11767 
-29048 
32767 
5767 
-14208 
-32768 
-32768 
-32768 
-25321 
-31179 
27545 
28032 
30898 
-30510 
-32768 
-32768 
-32768 
20932 
-12722 
32767 
32767 
-32768 
10604 
-27741 
-32531 
32767 
-5346 
13970 
-20301 
23473 
-12855 
13808 
-12594 
-29902 
-32768 
4540 
-20625 
-4927 
12135 
25281 
-21840 
32767 
-7198 
11482 
10967 
-2812 
-24595 
-32768 
32767 
-10752 
-32768 
4016 
3783 
-2081 
25260 
-15650 
25643 
-32768 
30646 
769 
9836 
-2570 
32767 
30111 
-32768 
-32524 
19457 
23086 
-2734 
32767 
32767 
-22159 
-25884 
-32768 
-27053 
32767 
7447 
-32768 
-3754 
27748 
20809 
32767 
-1184 
32767 
-32768 
-32768 
-10785 
32767 
-8040 
29 
17654 
-13754 
-32768 
32767 
-32768 
-32768 
28180 
7689 
-23456 
10116 
200 
-10057 
-9928 
5915 
32767 
14658 
-32768 
32767 
3351 
-32768 
-32768 
32767 
-4641 
-28053 
-8928 
-6485 
32767 
17839 
-1288 
-544 
-32768 
27731 
-1864 
32767 
-3646 
23070 
19007 
28521 
32427 
-17641 
11527 
10524 
-32546 
-32768 
2562 
-23436 
13821 
-32768 
8767 
9172 
32767 
32767 
-10783 
-10750 
-15545 
-20801 
-20547 
19612 
32767 
-32768 
-11458 
-32768 
-17743 
18295 
-26010 
-3920 
-32768 
-7979 
32767 
-29937 
32767 
-17693 
224 
-32768 
20362 
-15485 
11108 
6771 
-12551 
26479 
-10420 
-3777 
13484 
32767 
-9540 
8403 
22581 
-5307 
13903 
23829 
29992 
16577 
23279 
-32768 
-27551 
-32768 
32767 
11154 
-5058 
32767 
-14758 
-12709 
-14413 
4859 
-3472 
32767 
-18535 
-26012 
14170 
32767 
32767 
-907 
-32768 
-13115 
32767 
32767 
-21431 
-17554 
-13542 
32767 
32767 
-16615 
32767 
15935 
-22826 
2304 
-32768 
32767 
-32768 
-25132 
-5121 
-18091 
-19430 
-32768 
15890 
32767 
-32768 
14562 
-32768 
-32768 
18081 
-4174 
17229 
32767 
32767 
32767 
-7290 
25765 
27530 
32767 
-32768 
32767 
32767 
-21290 
-32768 
32618 
32767 
-8287 
32767 
32767 
2651 
-23669 
9595 
-10278 
16871 
-2144 
32767 
32767 
12641 
32767 
26822 
-10544 
29107 
-23646 
-22360 
-18343 
-32768 
-12537 
16740 
-31763 
-14710 
27520 
-23394 
11632 
-8907 
32767 
3534 
20055 
32767 
-3153 
-789 
32767 
23195 
10984 
-30500 
-32768 
-9003 
32767 
-5413 
-9818 
21812 
32767 
-21254 
-4826 
32767 
32767 
-24488 
3907 
24591 
-10465 
-32768 
18644 
32767 
25852 
7681 
-24347 
-28063 
32767 
27768 
32767 
-429 
-5588 
-32768 
-30958 
-32768 
10607 
-7954 
-32768 
-25685 
32767 
20744 
-13231 
20035 
7382 
-13816 
27683 
4138 
-17395 
-3288 
-12071 
-32768 
32767 
32090 
-32768 
-9333 
-28293 
-2526 
-5464 
-27061 
-32768 
32767 
-8807 
-32768 
-32768 
-25081 
10540 
-4640 
21642 
32767 
-3313 
14697 
-11733 
-32768 
32767 
32767 
-30711 
-8810 
32767 
-32768 
32767 
-15608 
5484 
8671 
-29320 
-10416 
-16888 
15562 
32767 
-27303 
-32768 
18037 
-3862 
2879 
7197 
24809 
28878 
14536 
32767 
-32768 
-7242 
11282 
-32768 
10079 
20252 
-8199 
32767 
9775 
-32768 
-15183 
32767 
32767 
-14458 
13220 
-27565 
-7201 
15863 
23055 
-32768 
-32768 
-2228 
-32768 
22334 
32767 
-21337 
15660 
12177 
-32768 
-12246 
-32768 
10520 
28181 
-14725 
-21281 
-32768 
-32768 
13651 
32767 
-32768 
10821 
32767 
-28565 
11609 
32767 
5215 
4286 
32767 
-32768 
-13200 
3991 
-20552 
13157 
21531 
9899 
-27630 
1083 
-9222 
-32768 
-14904 
-32768 
-32768 
-32275 
-32768 
32767 
-18661 
19141 
32767 
2497 
8960 
-32768 
-7926 
-27586 
32767 
5531 
-17552 
9660 
-12549 
696 
28774 
-4506 
-32768 
11197 
23018 
14013 
8259 
-32768 
-32768 
7603 
-32768 
-7469 
26477 
-13896 
11995 
-32768 
32767 
32767 
32767 
-2299 
17974 
-9258 
-1842 
-6294 
3282 
-2781 
-13078 
-30783 
-27657 
6384 
-11884 
-12216 
7136 
-23504 
-28156 
32767 
-10557 
32767 
32767 
32767 
-32768 
32767 
-13613 
-30762 
157 
-32768 
9824 
-24914 
-802 
32767 
-20660 
-22631 
19331 
-2516 
17578 
32767 
-18848 
6366 
13736 
-32768 
-15185 
-764 
-26842 
32767 
-32768 
20969 
-32768 
24558 
17039 
5860 
-32768 
-32768 
-23296 
29730 
-3528 
7078 
11290 
26500 
-7262 
-9146 
-144 
13804 
22674 
15162 
-32768 
32767 
-32768 
-32768 
2057 
22672 
6048 
-537 
-24810 
-22881 
32767 
21955 
14693 
32767 
-334 
-32768 
32767 
13986 
-3482 
-14282 
32767 
-19135 
30539 
-18383 
-31606 
-32768 
10596 
-25310 
22977 
-20537 
4504 
-32768 
7989 
32767 
-2241 
32767 
30054 
32767 
-23533 
10796 
-8300 
9548 
19651 
-32629 
6980 
-32768 
-27142 
-22512 
-24960 
22378 
-2174 
-31198 
-8080 
-6467 
32767 
-3991 
-23798 
-24202 
-22859 
-32768 
-27052 
3258 
32767 
12877 
-21673 
-2720 
406 
-6574 
-32741 
32767 
-17145 
-16673 
28091 
-32768 
-16018 
29195 
21125 
24209 
6073 
32767 
10303 
-29369 
32767 
20262 
32767 
-7512 
-25159 
-32768 
15970 
-11188 
21471 
23433 
3335 
-4358 
32767 
12486 
-7738 
-1544 
17720 
-18119 
7243 
9805 
-20488 
-32768 
16560 
-32768 
23632 
26150 
-30906 
-32768 
8968 
32767 
3647 
-1055 
32767 
-32768 
10718 
32767 
32767 
-23474 
32767 
17819 
-1396 
-3254 
23373 
19324 
-26336 
-32768 
32767 
32767 
-32768 
-20119 
-3947 
19492 
29071 
-11493 
-27347 
4211 
32767 
32767 
-32768 
24231 
27772 
10712 
20973 
32767 
32767 
-14857 
-32768 
32767 
-5261 
-3661 
32767 
-30454 
32767 
-20407 
-6951 
-13104 
23073 
11769 
30411 
2600 
-32768 
5804 
32767 
6633 
-11862 
-32768 
32767 
32767 
-17649 
-32768 
32767 
2578 
10080 
32767 
14047 
18104 
22231 
-779 
-5583 
30586 
8120 
-9621 
-32768 
-9046 
32767 
-12799 
-31893 
16578 
-17313 
18225 
32767 
-15125 
10731 
-25617 
-6689 
32767 
-4646 
-9607 
-897 
5821 
-32768 
17579 
27932 
-2578 
-20794 
32767 
-8836 
21111 
-10070 
-27419 
-514 
-15245 
-8144 
-5470 
32767 
-32768 
23330 
-4535 
23290 
29947 
-8388 
-24375 
-26880 
-12287 
-32768 
15881 
10550 
-32768 
-4413 
-32768 
1944 
32767 
-32768 
-9137 
32767 
32767 
-18405 
-32768 
-22935 
-32768 
-16964 
32767 
18565 
32767 
16851 
-30277 
1676 
20072 
1528 
-1648 
-9629 
26411 
32767 
-30815 
1191 
28492 
12525 
-32768 
2261 
-32768 
-5352 
24103 
32767 
19887 
-5382 
-26003 
-801 
-10442 
9171 
-26097 
-9831 
-32768 
7375 
-1914 
32767 
22087 
-32768 
32767 
27638 
3230 
-32768 
-32768 
-3018 
13671 
-32768 
-32768 
32767 
24896 
32767 
32767 
32767 
-2524 
-32768 
-2993 
32767 
3119 
-32768 
-32768 
-4904 
-32768 
3294 
-32768 
-32768 
11999 
-32210 
32767 
-16770 
-932 
32767 
10829 
-10378 
-5986 
32767 
-5850 
32767 
32767 
32767 
-10524 
-30426 
32767 
-32768 
32767 
-2845 
15269 
-17527 
2067 
32767 
-32768 
-32768 
-1829 
13282 
-14311 
-32768 
-18989 
28220 
-9377 
-27959 
5388 
-25643 
-28979 
-32768 
8128 
-4694 
16616 
-32768 
7086 
-29564 
-32768 
10921 
115 
-26315 
23920 
-10268 
-8983 
32767 
24073 
-17101 
-15512 
-32036 
9529 
-32768 
32767 
3159 
-8189 
-26189 
18126 
-32768 
-32768 
32767 
32767 
-27607 
-26496 
-32669 
-26618 
-32768 
-20838 
-32768 
32767 
-32768 
-3805 
32767 
-2053 
25998 
-9500 
-722 
9623 
30132 
-16370 
-9129 
-31522 
-32768 
-2162 
-12870 
32767 
8836 
-32768 
-6430 
16739 
-7791 
-32768 
6145 
-8972 
3194 
-32768 
-24769 
17166 
-21812 
-32768 
-14916 
-12106 
-806 
-32768 
-2304 
29265 
-32768 
11991 
-1639 
-32768 
-20753 
25168 
-16356 
-12948 
-16934 
-16964 
17308 
-32768 
-10917 
-2987 
-3655 
-19847 
-32768 
-28113 
25192 
-32768 
32767 
-1038 
-32768 
-32512 
-3 
32767 
-29199 
-13898 
32767 
32767 
-32768 
32767 
15604 
-3299 
7448 
32767 
-29071 
32767 
2738 
-26739 
-32768 
-32768 
32767 
-32768 
-30344 
-32768 
-185 
14325 
-29102 
8022 
-32768 
-25414 
-32768 
-12126 
16298 
32767 
32767 
32767 
-9522 
-17884 
6263 
-32768 
15438 
-32768 
15782 
32767 
-26385 
19375 
-16110 
-28236 
-32768 
-10434 
-19786 
-32768 
4930 
28011 
-19542 
-32768 
-32768 
32767 
32767 
-3060 
-21142 
-32768 
-2915 
32767 
-9689 
-32768 
10065 
32767 
-3567 
-17552 
32767 
32767 
11204 
-3248 
-6748 
30025 
-1779 
32767 
1729 
-8304 
-8584 
12883 
3302 
-32768 
-18221 
-7978 
-5138 
-32768 
32767 
32767 
32767 
-2215 
13413 
6426 
4661 
-14153 
-4198 
-7500 
23435 
163 
-10885 
21342 
-32768 
9429 
-2867 
7122 
2789 
32767 
-15510 
32767 
-8644 
5302 
7693 
-22258 
16033 
16603 
-14642 
32767 
-32768 
14305 
21274 
23510 
32767 
32767 
-17859 
32767 
32767 
6722 
-1783 
-19627 
-7824 
31883 
-32768 
-5684 
12043 
-12738 
-4516 
-32768 
32767 
32767 
-8298 
-21337 
-4208 
-5604 
-32768 
28121 
8123 
18944 
-6615 
-1542 
30236 
32767 
19351 
32767 
-24070 
-6870 
-32768 
-26825 
-8805 
-18344 
12081 
10817 
32767 
-31536 
-4427 
-31293 
19592 
10875 
32767 
32767 
-32106 
-25050 
32767 
677 
-19899 
-13579 
32767 
22809 
-32768 
-23404 
32767 
-8177 
-20758 
8084 
-19588 
-1358 
-18005 
32767 
10962 
-22648 
-32768 
-28478 
32767 
29425 
-32768 
-32768 
-32768 
20888 
-12486 
7240 
32767 
10417 
-32768 
29302 
32767 
-32768 
-32768 
32767 
-2228 
-22154 
14881 
-32768 
32767 
1101 
32767 
32767 
-32768 
25463 
32767 
-14188 
3094 
31337 
4159 
-32768 
32767 
32767 
-17297 
2183 
-20354 
23398 
-4524 
-21880 
-1967 
17782 
2122 
-16837 
32767 
-16261 
14271 
32767 
10254 
25539 
-29311 
-14153 
-9489 
14384 
-8214 
16309 
17526 
-32768 
-6183 
11312 
-32768 
-12627 
-32768 
-32768 
-32768 
29278 
32767 
5027 
-25319 
-6573 
20654 
-32768 
-11540 
-8250 
32767 
1612 
32767 
-12674 
-13420 
-32768 
11626 
2799 
3724 
32767 
-19960 
-7363 
-28456 
9131 
18976 
-32413 
9942 
-32768 
-32443 
-18333 
-32768 
-32768 
-32768 
975 
-32768 
7986 
-1740 
-9259 
-21481 
29583 
-32768 
-29102 
32767 
-20120 
1981 
-15488 
29188 
15763 
32767 
2575 
32767 
14104 
-32768 
32767 
-32768 
-31391 
-32768 
32767 
13429 
-32768 
-29965 
8934 
32767 
32767 
-4631 
-32768 
32767 
-17360 
32767 
17887 
-17679 
-32768 
32767 
32767 
-25212 
9648 
-1401 
-32768 
-19540 
7337 
-15814 
-32768 
-3636 
-13620 
-17505 
18304 
-27585 
23859 
-5118 
-15365 
-25983 
-32549 
32767 
14209 
24019 
32767 
7857 
13418 
32767 
-32768 
32767 
-32768 
18871 
-32768 
-32768 
-12807 
-27204 
-19165 
-699 
-32768 
119 
32767 
-28559 
22100 
24112 
4586 
-31537 
23857 
-23803 
32767 
12315 
-32768 
-20201 
-18043 
-13465 
-2371 
-32768 
29866 
-18284 
32767 
32767 
32767 
-32768 
32767 
32767 
-32768 
19170 
-32768 
-27964 
-8491 
2126 
32767 
-13430 
-7797 
-26694 
31693 
6687 
32767 
1776 
32767 
17943 
-32768 
19428 
13623 
-32768 
11540 
29402 
836 
-20528 
-32768 
11634 
-2698 
23340 
1848 
32767 
-20075 
-4442 
32767 
-4458 
77 
14209 
-4591 
31683 
20243 
16082 
24274 
-23897 
-26148 
-24661 
7489 
32767 
-32768 
-11226 
-20 
-32768 
7304 
-13086 
32767 
5893 
19487 
28273 
-3019 
-3078 
-18777 
-3852 
-1461 
13513 
5009 
32767 
22234 
-19118 
-5180 
12046 
11594 
-25720 
-23663 
-22256 
20359 
-4922 
14901 
-18721 
16331 
12826 
9556 
-24777 
-1978 
-5289 
18637 
32767 
4221 
25882 
32767 
-17598 
32767 
-31093 
-10468 
-15938 
32767 
-26981 
10435 
29229 
-6179 
32767 
15924 
-32768 
5989 
-17790 
20438 
-9877 
17416 
-2407 
2491 
32767 
-32768 
9017 
730 
-21597 
-32768 
32767 
-13134 
-26701 
-32768 
25275 
32767 
-1576 
17957 
13286 
-13585 
32767 
-113 
32767 
32767 
-11858 
-1209 
32767 
-11977 
-23049 
-32768 
32767 
-8535 
32767 
934 
-22898 
-19645 
17767 
-32768 
-32768 
-26240 
9757 
32767 
-13623 
23174 
15276 
16549 
9733 
-22233 
-21646 
-4568 
-5831 
-20044 
-10191 
30783 
-32768 
-32768 
29191 
-14738 
23407 
3777 
-32768 
-32768 
-11803 
20865 
-32768 
-32768 
9915 
4935 
-32768 
16092 
-32768 
-32768 
-32768 
-32768 
5746 
-30272 
-6524 
32767 
25369 
6530 
-7692 
-10239 
-18697 
32476 
573 
-32733 
-10744 
-27846 
32767 
-22639 
11405 
32767 
32767 
-15063 
-32768 
-12348 
5978 
29506 
32767 
27247 
-8497 
32767 
32767 
-18137 
-16833 
21078 
8715 
22903 
-32768 
-30600 
11563 
-32768 
-4187 
-23509 
14944 
-17480 
-1679 
32767 
4913 
32767 
17850 
12352 
32767 
9542 
-25944 
32767 
22250 
9529 
24053 
3625 
6744 
18982 
-16435 
-2410 
-11855 
-32768 
32767 
32767 
-18102 
-15025 
24679 
-23108 
28518 
27754 
20639 
-29803 
-19882 
32767 
5740 
1550 
12289 
-32768 
32767 
-8230 
-6735 
-4420 
2346 
-15879 
28829 
28261 
-32768 
32767 
20616 
-31207 
-32768 
-8066 
32767 
-6485 
-28210 
32767 
-32768 
-32768 
-21785 
-32768 
-23992 
-20035 
32767 
-32768 
18993 
32767 
-16357 
-25963 
21049 
-32768 
-4082 
-26279 
-7419 
28650 
-2052 
8528 
32767 
21317 
-14165 
-9189 
2399 
32767 
18689 
-13114 
29095 
10087 
32767 
32767 
-32768 
24303 
-10580 
10993 
20659 
-32768 
-6186 
9257 
24020 
-17207 
-16902 
179 
-23203 
-14620 
5069 
-3584 
-8101 
-13761 
-32768 
22784 
5685 
-2376 
10591 
9470 
4202 
-15281 
-1630 
-3626 
13958 
-5382 
-21629 
-20305 
1785 
-21387 
-32768 
-8464 
-11505 
-32768 
-16869 
14838 
-29857 
4590 
16971 
32767 
-32768 
-16187 
-14760 
9031 
9371 
10742 
32767 
-32768 
32767 
5440 
-32768 
-3001 
32767 
5720 
16212 
-24660 
-6537 
10185 
21955 
4600 
28247 
-4818 
-11920 
-32768 
32767 
22489 
5218 
-15067 
-22268 
2156 
-26278 
-32768 
3889 
-24811 
-14458 
16846 
32767 
32767 
-3591 
-14979 
-597 
27636 
23586 
-13890 
28252 
-24010 
9553 
16614 
24938 
-30728 
6391 
-24420 
-3499 
-16627 
-32768 
-32768 
5752 
30649 
32767 
4664 
12205 
1499 
-23485 
7432 
8237 
-2515 
-32768 
-405 
-32768 
3564 
-12204 
32767 
-31874 
11551 
22142 
-10283 
26869 
-20549 
-3748 
-11467 
-32768 
-9573 
-32768 
-8880 
-10022 
15650 
-1378 
-32768 
-32768 
-16097 
16262 
32767 
-28574 
78 
-8848 
32767 
11204 
32767 
1696 
-25797 
9203 
32767 
20440 
16755 
-32768 
-13021 
-25460 
6256 
32767 
-32768 
32767 
-10609 
32767 
-3232 
32767 
-20802 
-413 
-4260 
-32768 
-28033 
-14057 
29706 
32767 
-32768 
-3907 
25818 
-32768 
18548 
-29456 
-21173 
-12379 
-32768 
32767 
-4399 
30175 
-7182 
32767 
32767 
-2726 
-13641 
5577 
3619 
18929 
32767 
3903 
-32768 
32767 
-20393 
487 
-16633 
-10262 
-12489 
32767 
-32768 
2974 
7596 
19645 
-24814 
-23851 
-31327 
-13713 
14273 
-16078 
4987 
2525 
12506 
4645 
13414 
32767 
-27657 
28853 
-29590 
-32768 
-5585 
32465 
32767 
-20365 
-32768 
2643 
32767 
17517 
29527 
32767 
32767 
1173 
-32768 
-5234 
-7649 
3000 
-28217 
32767 
-32768 
32767 
-5995 
-32768 
-32768 
-32768 
-32768 
-24533 
-32768 
-28889 
9424 
32767 
-32768 
32767 
-17904 
-25961 
-32768 
-32768 
32767 
-32768 
-32768 
-226 
-2839 
-32768 
-16877 
-32768 
-16973 
32767 
11127 
32767 
32767 
-10189 
32767 
-372 
9147 
29167 
-32768 
32553 
27617 
6534 
-32768 
-32768 
-32768 
-10139 
32767 
-32768 
-27628 
-12240 
4825 
-19542 
32767 
19562 
-27148 
11314 
-32768 
-10312 
32767 
-242 
19659 
32767 
32767 
16863 
-6959 
32767 
-32768 
5330 
31451 
-18339 
10581 
-20301 
-9318 
-71 
2659 
18201 
26797 
-32768 
-25449 
32767 
17218 
-32768 
-9466 
32767 
-32768 
-23916 
-32768 
32767 
-19432 
-12390 
32767 
17904 
-19958 
30710 
-7962 
28881 
-30849 
-32768 
-6586 
18937 
-30253 
-5236 
-32768 
-32768 
-32768 
32767 
-32530 
32767 
32767 
-32768 
32767 
-2193 
-32768 
-7142 
1225 
21235 
-22839 
32767 
32767 
28637 
18552 
-4535 
-32768 
-31203 
-9071 
-15449 
32767 
16341 
-14307 
18890 
-32768 
-11503 
1181 
-32768 
-32768 
-11680 
-25106 
-32768 
-8345 
32767 
32767 
-32768 
-32768 
3989 
-12916 
-15059 
-10693 
-18930 
-32046 
-19683 
17402 
32767 
15702 
8104 
-32768 
2070 
32767 
2535 
-11026 
19881 
-25039 
11291 
-22782 
-29708 
-24683 
32767 
-32768 
-32768 
-25265 
32767 
-11167 
-16856 
9300 
-32768 
-8213 
-32768 
-30888 
-24501 
14263 
-534 
32767 
-2002 
32767 
30846 
-32768 
-31058 
25679 
5423 
32767 
-20856 
19522 
7610 
-32768 
-32768 
-32768 
-21267 
-3464 
5334 
32767 
32767 
32767 
-32768 
6412 
32767 
7842 
29433 
-27241 
-6903 
-32768 
-32768 
-32768 
32767 
-32768 
-32768 
7441 
-7410 
32767 
24249 
-32768 
2293 
-12484 
-12704 
15114 
-32768 
-32768 
-32768 
16251 
21066 
-31052 
32767 
1727 
-23881 
17377 
32767 
3732 
-20071 
-11415 
-7930 
-32768 
-32768 
23499 
2221 
32767 
-8340 
29101 
-8290 
-32768 
28116 
-32768 
-32768 
32767 
10240 
9304 
28880 
-4668 
8264 
-28269 
4498 
-32768 
-2861 
5470 
21747 
1514 
-32768 
-1066 
-28318 
-32768 
-32768 
11083 
-6564 
-10151 
-32768 
-26808 
32767 
3792 
-11919 
-7387 
1957 
1056 
-24004 
32767 
-32768 
-32768 
-26489 
20770 
31273 
3812 
16797 
-32768 
16464 
-17115 
-32768 
-1631 
-32768 
10886 
9667 
-6434 
9885 
-6064 
-9817 
17036 
-16330 
32767 
-28241 
-27802 
-1090 
-26922 
32767 
32767 
-4076 
32767 
32767 
2426 
-20768 
25601 
30471 
15992 
32767 
32767 
-32768 
7460 
-7060 
16538 
-27381 
9833 
-32768 
12659 
-13227 
-16669 
-32768 
13621 
-32768 
-23977 
4925 
-14349 
31638 
22041 
32767 
-2642 
31349 
-32768 
-15037 
32767 
32767 
-5449 
25278 
-32768 
-17131 
-32768 
27990 
-28598 
-25580 
-24797 
-16912 
4064 
-32768 
-8208 
-32768 
4132 
-29804 
-26368 
32767 
-32613 
-32768 
-1945 
19942 
676 
-19162 
13096 
-14216 
-25272 
-26057 
-32768 
9837 
32767 
-14657 
-32768 
-32768 
32767 
7994 
-22263 
7773 
-32768 
7832 
17439 
-2949 
-32768 
-32768 
32767 
-6345 
23520 
15373 
8462 
-6450 
32767 
32767 
32767 
12888 
-16636 
21805 
-20439 
-2571 
-18267 
13209 
-32768 
29614 
18972 
-32768 
5527 
7560 
-32768 
-32768 
-7835 
-15351 
-32768 
-32768 
32767 
-15817 
32767 
-28709 
-32768 
27808 
518 
-32768 
9622 
1241 
-2682 
-31674 
16364 
23533 
-50 
-17195 
-32768 
6440 
3692 
-21021 
-14724 
32767 
12671 
-10737 
30579 
-32768 
-32768 
-16816 
32767 
27167 
-32768 
12210 
32767 
28483 
22630 
-28170 
3131 
-6879 
-6402 
-150 
4453 
-30198 
2500 
-32768 
32767 
-20307 
-32768 
5747 
-11892 
32767 
32767 
-11618 
-4146 
16185 
18900 
-9051 
-32768 
14519 
32767 
-17365 
-32768 
25434 
32767 
32767 
-32768 
-17813 
-994 
84 
-32768 
7260 
-32768 
-32768 
19011 
26497 
24750 
-32768 
30482 
7497 
26771 
32767 
-25711 
32767 
-9282 
32767 
-21955 
20132 
-12175 
-7880 
18388 
-26189 
-363 
9047 
21371 
-21472 
918 
3045 
-32768 
-7392 
19540 
13278 
32767 
-32768 
32767 
-32768 
32767 
13441 
-637 
-32768 
-32768 
-32768 
298 
23595 
-32768 
-22157 
-32768 
-3788 
-30610 
-32539 
13546 
7137 
-21749 
32767 
9106 
32767 
5988 
12708 
32767 
9754 
-894 
-32768 
-32768 
32767 
-8213 
18201 
-1079 
1522 
13598 
-15669 
29123 
-32768 
-32768 
-32768 
17041 
-6979 
-6840 
-21319 
-4648 
22738 
23327 
-25147 
-18445 
19942 
26056 
28934 
3595 
32767 
11699 
-18864 
-17598 
32767 
-32768 
32767 
6879 
-503 
5389 
-32768 
32767 
6711 
-32403 
20896 
20461 
-780 
32767 
-32768 
32767 
14886 
30895 
-28361 
-32768 
17226 
21716 
-28506 
-32768 
8547 
25569 
-20687 
-10750 
-32768 
22220 
-26176 
-7897 
12635 
-32768 
31836 
32767 
-28130 
31399 
-30373 
-11356 
-4612 
12317 
-32768 
32767 
13802 
32218 
5108 
16033 
8755 
-32768 
32767 
-30903 
32767 
18105 
32767 
27793 
-13021 
-17878 
-16501 
32767 
24616 
-17894 
-1038 
751 
32767 
18592 
-19442 
-6837 
-32146 
-14141 
-3865 
-9258 
-30573 
32767 
1355 
-17672 
-26973 
32767 
12815 
12139 
-7294 
19449 
23567 
-18406 
-32768 
32767 
30855 
4299 
16507 
-2643 
-32768 
-32768 
12942 
12467 
-19045 
26422 
32767 
-6935 
-28528 
3036 
15269 
-18974 
6293 
10002 
32767 
19814 
22679 
32767 
-18142 
31597 
-29671 
18261 
20798 
10507 
-32768 
-17485 
32767 
28035 
-31260 
29739 
-26123 
12396 
-12576 
25714 
-32768 
-25179 
-17132 
32767 
-12007 
-32768 
-4336 
14767 
-11031 
-3447 
14837 
-28610 
-18639 
32767 
32767 
-30157 
-26484 
-2605 
-464 
24796 
-2787 
696 
-9877 
24286 
26393 
-10132 
26275 
15949 
2691 
-1277 
11474 
10686 
1082 
-2822 
4333 
31704 
32767 
-15720 
-6746 
23659 
-3437 
-32768 
-9949 
25359 
12722 
2293 
-32768 
32767 
-32768 
-8345 
14534 
22336 
20350 
-2308 
32767 
9795 
-12887 
32767 
-15035 
16479 
5916 
-26636 
-1880 
-21774 
16226 
12672 
-15735 
-3363 
-4861 
-5584 
32767 
32767 
-7714 
11797 
32767 
-2123 
-32768 
26037 
32767 
-9002 
32767 
6198 
32767 
-8892 
-22370 
-20760 
-26367 
32767 
18022 
-11256 
6139 
32767 
-32768 
-2767 
32767 
32767 
24994 
-32768 
-19970 
-12883 
-32768 
-11380 
-32768 
-19729 
-5808 
12629 
32767 
-32768 
-21469 
-16279 
-18029 
-3393 
32767 
32767 
-32768 
32767 
12660 
22560 
-32768 
27443 
20345 
-32768 
15890 
-13714 
26762 
-32768 
-7731 
-18975 
-32768 
-21742 
-2667 
7735 
22016 
32767 
-1423 
1930 
26705 
17607 
-30478 
32767 
32767 
25046 
-32768 
-17886 
32767 
32767 
-10956 
32767 
32767 
-3108 
-16810 
23009 
-18468 
-24276 
19171 
19486 
6596 
-9184 
4948 
-22614 
32767 
32767 
32767 
32767 
24695 
-32768 
32767 
32767 
-32768 
-2324 
-5955 
-31796 
-32768 
-4634 
6423 
-32768 
-28319 
31547 
10740 
-32768 
5365 
-8287 
-6560 
-15871 
-32768 
-16485 
-32768 
-10950 
-19416 
9369 
4062 
32767 
15292 
13062 
-23150 
-14544 
27049 
32767 
-11609 
12368 
15838 
-32768 
-6737 
32767 
10166 
-32768 
-1507 
32767 
-12525 
4578 
-60 
2045 
-8750 
32767 
-7609 
-3548 
-11465 
-14907 
-12344 
-31126 
-19967 
5453 
11982 
24566 
-32768 
-32114 
15410 
11058 
19556 
32767 
26579 
19028 
18826 
30531 
-13346 
31529 
-20632 
-32768 
-32768 
-25199 
32767 
-8658 
26914 
7030 
-11720 
32767 
-12494 
26656 
26185 
29580 
-32768 
32767 
32767 
-20861 
24053 
-5622 
6105 
-32768 
-9966 
32767 
32767 
32767 
26846 
-18135 
31113 
32767 
32767 
-32768 
-7269 
-12047 
32767 
-29091 
-515 
32767 
-32768 
14718 
32767 
32767 
6973 
-32768 
-13963 
29580 
32767 
32767 
-22724 
25931 
30113 
-14256 
-8350 
7607 
32767 
-26688 
32767 
32767 
28586 
7023 
-21319 
32767 
23410 
-15218 
24443 
-18456 
-5813 
15934 
32767 
13272 
-32768 
-25941 
-2422 
-15044 
-10641 
-32768 
32767 
-32768 
32767 
16034 
32767 
-32768 
-13454 
-5630 
-11535 
10743 
-32768 
32767 
-32768 
-16608 
10518 
82 
19766 
32767 
-23854 
-5299 
10363 
-17231 
-28203 
28786 
15374 
8653 
3626 
-32768 
30876 
-22437 
-25624 
-32768 
336 
5498 
-11114 
32767 
18654 
-18876 
7680 
-218 
-32768 
24764 
-14344 
13757 
-25439 
-22886 
-1260 
32767 
-32768 
-18043 
32767 
2635 
2998 
732 
12047 
-18837 
-19245 
4504 
32767 
12079 
-32768 
-10376 
32767 
32767 
7490 
23146 
10633 
-25003 
31432 
14065 
10084 
-7445 
-6268 
13776 
23158 
-32768 
18056 
448 
-11414 
-32768 
-7409 
25028 
-32768 
32767 
32767 
-2114 
-16319 
-5554 
23549 
7844 
-15501 
3258 
-11540 
-2807 
21101 
32767 
16611 
32767 
32767 
-14314 
25336 
-32768 
9326 
30404 
32767 
-7142 
15291 
28723 
12705 
24837 
1567 
27346 
-20796 
32767 
-5372 
8178 
-1778 
32767 
-19177 
-15282 
-2405 
-32768 
32767 
-32768 
15944 
1465 
-14860 
-11389 
-7189 
32767 
8278 
-32768 
-8923 
8395 
-32768 
32767 
32767 
-11541 
779 
-32768 
-28054 
32767 
-5213 
-5271 
-17934 
-32768 
32767 
-6863 
224 
-8429 
18161 
-28309 
32767 
-3083 
5786 
15693 
-28419 
-32768 
-32768 
-32768 
-32768 
-18079 
30869 
-19805 
-2347 
13066 
-32768 
21215 
-7311 
-32768 
-27104 
24139 
32767 
3438 
-3687 
4490 
-29984 
-4755 
32767 
11973 
24903 
32767 
9758 
-32768 
28099 
5952 
20699 
-14075 
-32768 
-32768 
25492 
-32768 
6422 
21210 
-32768 
-32768 
1118 
25048 
32767 
-20833 
26335 
25640 
32630 
20781 
-9890 
-23591 
-15513 
-32272 
32767 
28555 
17739 
-16211 
-4757 
32767 
-32768 
-1399 
32767 
32767 
-11856 
11140 
2826 
8101 
32767 
32767 
31121 
-32768 
-32277 
-25534 
4454 
29609 
32767 
32767 
25752 
32767 
-6343 
7557 
5866 
-6441 
-20832 
-18250 
-32768 
26289 
-32768 
-32768 
-32768 
-889 
-32768 
26180 
32767 
-13404 
12109 
-19791 
21055 
-18608 
11954 
-18959 
27722 
13109 
32767 
-2590 
6880 
32767 
32767 
-32768 
-12811 
32767 
-10425 
32767 
-32768 
23928 
12578 
32767 
-13990 
32767 
23550 
32767 
-19507 
2200 
32767 
-32768 
-21221 
3427 
32767 
-15626 
17233 
-32545 
-32768 
-32768 
32767 
-32768 
11728 
-10589 
-28415 
32767 
-17307 
-32768 
5878 
-17515 
25156 
-32768 
2698 
26046 
32767 
32767 
-12539 
21562 
32767 
24555 
16091 
-32768 
32767 
-32768 
-16542 
12625 
-32768 
-8956 
-5448 
12835 
-32768 
-17921 
32767 
22984 
32767 
-13441 
24233 
-31238 
-220 
546 
-23924 
-2871 
-23245 
-27310 
32767 
32156 
8151 
-25115 
26356 
9449 
32767 
-16865 
-806 
21415 
-2463 
17619 
3323 
47 
32767 
31861 
1242 
-32768 
