32768
32768
32768
32768
32768
32768
32768
32768
32768
32768
32768
32768
32768
32768
32768
32768
32768
32768
32768
32768
32768
32768
32768
32768
32768
32768
32768
32768
32768
32768
32768
32768
32768
32768
32768
32768
32768
32768
32768
32768
32768
32768
32768
32768
32768
32768
32768
32768
32768
32768
32768
32768
32768
32768
32768
32768
32768
32768
32768
32768
32768
32768
32768
32768
32768
32768
32768
32768
32768
32768
32768
32768
32768
32768
32768
32768
32768
32768
32768
32768
32768
32768
32768
32768
32768
32768
32768
32768
32768
32768
32768
32768
32768
32768
32768
32768
32768
32768
32768
32768
32768
32768
32768
32768
32768
32768
32768
32768
32768
32768
32768
32768
32768
32768
32768
32768
32768
32768
32768
32768
32768
32768
32768
32768
32768
32768
32768
32768
32768
32768
32768
32768
32768
32768
32768
32768
32768
32768
32768
32768
32768
32768
32768
32768
32768
32768
32768
32768
32768
32768
65535
32768
32768
32768
32768
32768
32768
32768
32768
32768
32768
32768
32768
32768
32768
32768
32768
32768
32768
32768
32768
32768
32768
32768
32768
32768
32768
32768
32768
32768
32768
32768
32768
32768
32768
32768
32768
32768
32768
32768
32768
32768
32768
32768
32768
32768
32768
32768
32768
32768
32768
32768
32768
32768
32768
32768
32768
32768
32768
32768
32768
32768
32768
32768
32768
32768
32768
32768
32768
32768
32768
32768
32768
32768
32768
32768
32768
32768
32768
32768
32768
32768
32768
32768
32768
32768
32768
32768
32768
32768
32768
32768
32768
32768
32768
32768
32768
32768
32768
32768
32768
32768
32768
32768
32768
32768
32768
32768
32768
32768
32768
32768
32768
32768
32768
32768
32768
32768
32768
32768
32768
32768
32768
32768
32768
32768
32768
32768
32768
32768
32768
32768
32768
32768
32768
32768
32768
32768
32768
32768
32768
32768
32768
32768
32768
32768
32768
32768
32768
32768
32768
6603
46242
14687
2132
55519
38350
47396
48239
25755
50918
61325
55456
53196
45237
57408
32463
52831
51159
58971
30353
36456
12029
42980
49463
33462
47043
7989
10391
1165
5915
37332
11332
54828
40506
5387
36819
35321
15589
57047
16014
14527
40526
55048
32740
58298
25944
42072
3058
56497
12984
42938
27860
55548
30309
20056
7380
22461
54316
14531
38824
23463
31600
64392
23571
35362
37749
53450
48634
54791
1490
4260
18142
43632
19396
22191
41150
37501
14526
7818
64759
28442
9209
34108
10189
60502
918
4614
41451
19498
42354
56212
52761
30280
26615
51698
22884
56920
2034
8419
33108
9757
25152
51527
31058
630
17582
35871
11206
53278
52202
49549
15482
65241
42299
54887
20524
30986
8319
48990
17483
63546
31509
25143
45183
19674
18902
6005
53504
30140
56830
40586
30492
58442
54675
33316
630
18409
2088
62860
49282
51090
13745
3933
30093
19205
47306
40435
59343
13917
56571
10628
56329
47054
51297
40379
22633
1339
32199
50679
65059
9439
46724
57960
20377
59296
17278
29553
11229
1948
10735
62854
44995
38796
63601
28637
33592
50124
15594
61605
49787
33653
31137
48132
47584
36648
18122
15136
16903
5360
48658
8224
22513
16864
61036
18131
57335
38171
24992
48687
32960
41730
5653
46308
53219
33351
62597
112
57229
8562
25931
48609
5534
40429
55451
53142
40623
45644
16728
19829
53525
64693
34645
9349
27727
53284
57435
10253
24693
46598
36191
39319
27639
55397
50809
47239
20290
30439
52586
50927
26030
65162
32926
33595
4212
9359
9075
64672
23977
61093
42997
27250
3999
12352
64443
15074
65242
39373
63851
25785
31118
54890
6612
55141
62252
31553
58882
7705
12526
6606
14730
25366
980
41701
16724
1338
29574
17761
53126
22437
63247
35057
19661
20524
11581
28054
19914
48374
24174
32909
6810
28350
3116
58815
37879
14025
11685
1594
40064
1138
20297
10378
42744
11713
35495
61848
45736
766
11851
24413
43500
54466
38534
49255
53817
9821
24641
48947
25946
52960
439
42132
24606
5567
55614
11636
42407
13252
51078
51071
3163
58357
33614
32979
50452
54512
54332
1519
48511
47191
60527
12821
21673
51126
52933
49515
18573
35974
64714
43488
22324
38235
53703
37661
856
46203
24330
36843
31251
32573
63067
45890
33885
17402
9022
21840
16204
54080
30872
30173
49762
55110
35688
62574
40349
9250
59513
18572
63534
9227
33177
14539
7320
19753
35339
61477
4876
56403
26465
8745
32122
28602
19723
19590
32245
30456
52556
56616
12829
23708
27873
39315
64506
35743
49094
58101
18005
52685
56741
43105
2828
50449
42028
2156
4757
51351
65461
11496
52945
62056
59709
3815
64240
50241
51682
32224
11001
60678
9253
48
23059
34605
20850
4997
8830
15665
47681
49994
51104
63453
47531
4710
2375
40046
63601
35929
5737
24443
35803
49409
58538
8107
63426
57784
3015
64595
27412
52742
13475
5900
7094
58480
28034
3266
52591
10707
42814
41153
47123
13613
6541
5291
35341
4792
2034
35461
36884
55774
34721
39103
56740
48164
8253
45083
41216
34134
30498
16659
52300
27036
7511
35706
31964
27463
31073
11157
21960
47686
44254
48858
60630
11920
59632
62984
45426
13367
7303
49763
31467
38387
29642
24406
9492
44103
54362
15046
26519
55676
41662
42417
54278
25939
2531
113
6750
55153
49036
32462
59227
63495
54434
55458
34207
42639
33908
36850
64449
53947
6627
27953
27797
22212
45976
10033
22952
43100
13720
55838
11656
30887
10322
50900
25064
59564
56131
979
3426
23776
33377
47744
13195
49973
14952
47498
35592
23075
21376
57047
22548
16760
3371
65236
13440
41876
18957
53723
42917
28801
58318
24530
62651
34456
4514
14030
33305
46758
38705
28321
2753
16711
48227
9500
53929
46411
38594
11309
17960
29708
44145
50047
52696
54533
44436
18816
62963
50708
13779
27754
24516
56090
30926
29022
41498
60554
19442
22389
26254
65054
22264
17645
10005
11298
15664
48452
36098
51324
190
25624
24772
37796
20239
46879
22809
58479
15159
14528
26039
10712
20845
65321
58782
22893
2665
64615
13908
33205
33470
57299
59057
26589
8325
33382
19649
21257
13232
1266
65198
26255
55439
22661
13354
25229
2643
24380
12600
17769
14263
30127
40104
54659
9572
18255
33893
46453
60301
13556
20994
55399
14446
46623
31780
59468
10831
13919
50649
36394
51215
50786
6003
41917
52906
35720
31678
2759
30537
54953
35521
24667
49161
5251
56622
55474
36577
37708
1823
26666
5431
51110
6972
27848
38653
20691
43591
52552
10139
63775
9623
63718
26598
26447
60321
65092
34747
13830
11325
32331
40145
30615
1573
36340
13449
27060
10537
32128
58726
31446
48444
43199
63267
39807
41961
37000
20287
64133
13116
27006
44855
44746
29112
10229
43169
37191
60823
7052
56558
7102
19376
5922
24006
59396
1467
23049
16330
26172
34037
33798
11516
34620
25261
6910
28588
55986
4627
2039
41950
46743
13642
58695
58101
41318
54672
46378
53368
25709
20436
37403
7070
18406
34905
60898
1551
47009
41657
55498
1630
2947
41392
5989
64709
50180
9815
50412
48983
41286
7420
1881
36706
58282
12983
31038
56869
24764
63742
63506
46797
5491
65302
49933
42075
37131
10867
31695
41448
56467
26302
58149
20290
40766
53738
33883
22128
25814
21317
61273
37100
34327
52411
17757
46032
31629
8683
56629
2114
47345
53070
20819
21276
31414
44296
56783
29922
62025
34520
56012
6597
50703
47546
30318
31691
37893
57143
43544
34484
39195
12753
27931
2698
36001
36156
50887
3359
5941
1731
1348
52648
27332
28436
42231
37086
15056
16383
743
59609
21992
130
48851
14381
14402
51096
54387
39249
50574
23323
53485
46011
10883
19653
37058
44822
8631
26270
28854
61876
12469
31020
24982
26809
9160
14611
8528
63719
37719
29041
27018
22574
60646
5961
53330
28506
696
8537
56180
38476
33396
5957
33882
24431
10980
7180
27865
51736
23448
45369
21479
53546
58117
18916
24363
40752
59182
29092
60573
30201
32130
45230
58837
26123
58425
43476
26220
31270
52094
15628
64600
24901
50219
1931
20711
847
4154
43149
23172
15304
35108
32304
36907
61649
54946
21764
15167
56203
36871
10761
52528
61192
55624
22421
27109
31942
56854
23756
14901
57810
44384
14008
48269
702
58148
43625
33888
58736
40752
23877
50464
49584
4838
48040
36649
50800
48060
39683
52474
42889
13071
35810
36514
41123
27372
65226
8785
40464
10249
45535
64557
43361
26080
41904
42076
39815
53155
2733
65533
34580
57644
7162
63110
57857
45092
32451
48689
38026
24306
23861
64006
24123
8192
43057
12785
671
32684
39625
6485
57771
4472
55646
49479
8112
14867
32993
31400
21809
38051
14055
21886
6900
37249
765
12462
42406
60934
51793
21954
22469
31683
19078
46229
49585
55817
42249
57947
50303
374
50486
38698
26382
20186
14644
54340
63357
27189
12570
36222
6071
12683
49489
31900
54381
35350
55124
1860
370
17792
23724
56546
287
24081
15190
11487
42166
29450
48149
7849
40748
23381
63238
8180
48553
43968
39222
38745
50984
1700
39554
34224
19560
49318
3831
53030
64484
20799
881
38347
29615
36273
38953
46966
57082
21698
41928
40712
31533
38669
60553
1488
49636
29400
57517
54558
57050
20277
19236
7257
8118
34383
33351
48496
42648
46776
22053
59950
21864
60738
34378
40110
27022
32655
20848
46347
2492
19263
23504
15388
38614
58319
54490
21206
56390
9061
32330
55007
9552
6861
19899
55023
48110
43811
40070
28856
22248
47598
56215
33481
341
12474
62857
13079
5833
17497
48936
63064
18529
9479
64699
1436
33565
58265
37141
43142
173
24896
3084
12059
11820
7027
5235
58255
36488
56359
10982
20663
25707
50799
5785
22812
59533
57716
21823
36419
14202
49275
44832
46188
40349
64744
45171
56478
58467
41647
53701
11723
28882
55189
64814
26581
60254
14061
6018
47633
13585
57000
11353
11620
35635
58253
26530
57635
14736
56458
13539
33625
10236
208
39448
39994
33072
18502
47271
61693
26365
3182
60848
51900
2476
34041
38398
8035
61423
10937
63548
18410
26662
16074
21019
5812
2451
1387
5049
19898
3645
57126
49440
15667
27992
33546
45208
29349
46167
45074
63054
1042
37763
54934
40291
10428
34334
39422
13352
16288
3410
61028
65118
44934
5620
40878
65125
48693
13594
62103
42847
48781
29122
16657
44172
55864
4578
53145
9352
7101
6061
2502
34381
61493
23583
62345
10430
58974
46049
14355
60124
31138
60347
41738
32452
36320
3787
52802
565
64135
19973
19410
63987
16999
30518
53035
21792
48870
56043
7319
30134
64655
27625
15691
122
21467
26014
61973
42919
13762
40225
5933
32376
33468
24174
31919
59006
10292
33404
8967
14110
46418
21622
41750
5951
3450
30131
14135
20196
8777
40977
12299
9049
32951
8750
15087
8301
18389
3343
12771
56666
47991
44669
46080
35499
42126
36606
37501
25696
8056
29153
49496
60785
18219
22648
47522
3325
6843
28534
7159
59729
41531
53757
49902
9510
31065
5026
49106
17239
55334
20443
3300
60074
30844
46996
46476
29820
62781
36356
30717
17760
39885
36799
16459
21484
26135
44022
64727
52151
46319
31598
49408
3069
47346
64933
46148
50625
4811
13468
9834
62204
28246
8754
60100
10114
39987
15085
40921
10119
47302
10954
51237
11814
9236
28849
59853
30737
45114
13644
8480
60420
10296
40225
44064
9484
54259
36992
32118
6099
13916
35974
15334
9598
61109
11341
50354
46220
25309
10203
44750
45808
35720
59942
16664
62075
51807
54732
7960
47127
19654
43486
4260
60889
21611
49686
56549
32997
22955
15299
5512
20387
55497
17660
11407
12394
45783
3526
50825
729
59875
56722
33939
36655
52534
37048
17522
21476
62704
25930
24598
11868
21731
59077
3416
24954
16493
14074
44749
15133
9865
57953
22791
63010
36005
61009
63222
23187
26832
46000
64720
6399
64467
46970
6972
2616
22474
591
51780
27811
2516
42642
17465
10477
18165
34873
3484
53106
56093
21021
9823
62640
17026
35710
43846
62146
7351
2652
53071
7652
5345
18543
53392
38977
47200
59312
54394
44988
50849
5442
64448
1080
8867
43279
55496
26798
15308
27346
19764
5725
15134
604
884
49096
15798
5978
16041
19235
63213
11501
20646
62921
55764
47600
1145
7691
11391
52368
21162
62986
10489
2421
5999
15006
59276
49934
25741
35703
37399
36431
33123
56887
53561
7125
4437
38494
43344
63163
538
61145
6898
39273
48356
34140
25929
48655
43236
19447
17262
11579
33083
32738
24864
52580
57340
58210
11365
53519
27484
31539
5623
35854
35563
26845
61392
8108
53472
9727
11383
14846
23608
10362
32792
55230
36175
57848
43527
39416
44246
39038
40393
12916
30220
27586
14366
9149
37058
32331
42073
49441
50864
10426
23458
6144
6561
21772
23295
51955
15201
60794
6226
39302
12474
60005
27490
63003
60605
10167
54620
62698
41179
6977
43182
19008
47511
61099
17744
19755
26920
36046
40392
19334
21423
7877
64192
61492
31630
33246
12584
28125
14292
3538
515
19867
60564
57403
18229
1934
45842
12792
57941
27551
6803
26623
61667
294
47142
44620
1342
2336
53772
59355
31466
51526
44493
47914
38866
59788
35915
49702
32092
4465
13319
22704
45786
36271
45645
45548
39673
65260
5380
65423
60011
40881
24124
36128
61462
15045
41013
45672
47837
3178
51638
3143
49016
43110
27423
15948
12171
44215
13429
34142
45888
9823
36391
36994
35100
28729
53398
57140
30888
32223
3125
46588
28739
63880
32491
31315
55553
13479
15615
39413
49592
44998
7809
39458
8708
54631
48527
9357
29683
41316
11944
205
57213
2661
5822
14259
15282
5139
25406
24297
21175
46872
63008
43515
15698
20683
20616
31645
18886
18112
46902
35953
60607
20053
53617
55252
55635
893
42736
51505
20130
5881
38154
20157
34287
54240
26460
55855
25588
37769
1374
61381
26676
9693
18830
63477
50543
43513
45835
37393
48707
14628
56143
50604
25785
38137
15660
20247
34519
8672
63596
55994
4089
26149
44640
55340
24657
47498
44120
25664
14273
61123
22928
4616
11429
37429
11001
11566
26259
46825
25267
20128
29699
35121
6490
26312
51478
43806
8180
24945
56220
22321
44209
58996
48883
20136
44151
42751
37017
23202
30102
8172
4170
38852
15754
64008
11435
47626
50633
11738
56918
4958
50113
19254
17911
14984
27792
2825
23339
65423
6835
45625
64361
15394
49309
7923
6273
10848
20154
60054
33772
3386
23794
15974
34828
27376
25464
55830
44849
24747
32362
55922
25151
25687
29347
33274
7802
44985
49033
33075
34754
51066
3869
8518
3734
16732
8703
25305
36437
29636
59762
49077
20292
1014
58547
25935
34826
64607
2149
25030
601
31172
63589
6139
55887
15298
56792
12378
17403
22666
33725
43031
100
43888
56680
39413
23002
51027
10495
46597
58263
25292
24173
26607
12639
31026
8917
6004
31431
722
21403
54215
47250
59684
23298
30947
30411
11213
39681
61440
19613
54963
33622
11294
15162
41548
46488
29505
22491
53643
22168
55641
9162
38054
64010
28560
12314
34018
48548
62234
34450
44316
9818
26844
39274
15555
63500
4896
39316
251
63547
7113
27948
16677
42881
300
33598
51477
39580
25788
2759
42859
47864
50361
62537
5160
7008
40159
1479
45513
54965
30781
7049
13562
16724
16061
38321
2872
49187
43630
19764
17154
36063
38189
44891
28785
7676
50268
59941
48473
3163
30658
54133
24878
8275
17027
28882
43231
53131
58679
64864
4265
58955
35918
8234
39837
40980
47252
18757
30342
56833
24851
33452
50571
43805
21104
56638
4473
55226
37445
54386
45735
17346
57268
41417
4790
65433
57717
54391
42243
28421
55783
18097
6022
10842
10720
8889
61154
26359
48260
53341
45511
2615
2954
39316
63337
54710
38538
25541
17817
49943
32345
55513
32412
8963
62070
51624
30238
30784
24154
56048
36017
62635
11959
54348
38082
39959
21025
40920
2420
48663
7172
7111
7015
9467
9443
29057
54672
43067
56727
14096
24977
56111
64603
39954
17991
28638
31191
25209
53284
61538
1895
43720
63945
51982
47886
35524
26783
64717
21744
43592
5350
54379
36093
61053
57424
21298
17377
18773
42109
20205
46025
50001
46411
15344
18544
50136
21675
50944
51524
41270
49034
60486
27543
48693
6060
5645
2717
7865
35694
43918
64153
62535
51653
46409
42180
3972
16417
29224
64
8065
45626
35744
41576
21113
45846
44154
54621
47990
34352
1684
47259
19421
63503
34969
27957
12259
3516
16965
11025
14067
62708
30263
28215
28686
28699
15321
15824
54760
29704
23975
55296
52845
45684
19620
53556
3874
31344
61836
14186
49691
51071
64865
51758
20928
19601
64369
28960
42051
51436
1180
60535
17426
14306
31837
47850
31080
13749
63687
51418
16849
29232
31369
27305
11322
1733
54358
4782
16418
21853
10036
7701
14192
36839
1088
25281
47750
44621
49121
14001
10759
54338
13604
25578
18947
17835
15166
63912
4876
14077
17457
44693
19094
45681
40178
51447
9078
19920
11456
47940
43235
51628
62300
385
12013
39030
26720
19396
14352
9245
56841
5684
2175
58603
4020
24963
48881
20402
5124
30133
23639
61696
46218
12247
1085
54060
34898
61323
37584
13832
4209
412
5890
1992
61862
17274
33850
26207
26366
42401
285
8183
3423
6623
32135
21725
32626
14035
42585
51599
34645
48269
13032
20939
15512
18166
2474
26452
38967
12995
26343
57212
3603
48045
26741
53504
64053
628
17222
17866
20771
10699
9587
21868
48998
50656
17501
42256
24688
11332
5157
5089
33240
24546
46961
16319
43084
20516
38785
45438
38164
2976
48881
43638
57416
7294
61185
11235
41628
18940
49224
40484
62246
698
5175
44077
13772
4939
41971
5244
31528
10903
27158
52683
2867
29685
38655
45945
34765
16244
30324
1402
61085
40775
58858
42687
39864
43819
28127
46472
12420
53800
42809
27444
37930
56582
45829
29913
8467
6832
9400
272
51931
28347
15171
58753
5838
11669
61288
42945
53573
60188
53209
15684
52719
9984
14001
11156
54814
41728
58637
54154
30437
4588
54644
13095
26974
59303
19768
9839
20222
33680
43584
23175
18522
25118
2817
17372
21308
57090
11660
39225
63600
34488
35116
40283
38353
31345
45144
20114
25381
58094
1931
61237
19255
32539
7663
15195
10662
28973
23990
29157
41305
49372
12496
6857
48898
10763
41726
29012
18714
27910
63162
8334
14814
10135
42343
15654
22647
47893
21230
26083
26296
11201
36970
17332
7387
39909
15152
30185
22478
53411
48455
60340
46007
56942
25742
49664
59101
24094
43020
46641
33450
5960
29380
31646
7678
52543
61643
21339
59596
65415
60867
44075
27131
26488
61603
62254
63268
33992
28261
23902
37639
2537
21151
49054
772
42904
29694
53665
22296
8370
21084
62190
44605
41971
47612
59883
61254
57540
35378
51033
39285
5161
12120
21924
22796
64069
18858
3882
54173
46897
8268
45349
53684
18465
61255
2233
47223
19225
47905
17488
1012
3052
11106
61001
64532
64255
41971
13286
64347
53063
11214
24597
36634
11969
15372
60278
54143
5437
50664
32551
61037
10510
31198
65490
54582
37735
12090
23940
15144
62141
1556
53032
34539
63634
46034
40660
45408
43199
7403
45896
25445
31174
49390
36360
35415
41384
16888
37323
37650
37995
34003
49137
40498
49341
4592
2102
8819
57651
31247
15664
24742
61605
15652
9305
56369
15580
10462
61334
32930
64923
28448
56221
47303
1663
33391
38876
20251
24697
46304
25576
17170
48632
39291
25153
51988
8691
25121
49711
2543
56615
10432
35254
23021
22443
56473
3300
4885
24100
49521
43391
11308
23398
19356
18944
49064
6743
874
46898
50828
17787
42550
38691
48564
11180
61207
2307
15083
6078
19884
20987
41047
411
40137
15214
56885
63517
30591
58491
65164
59549
34811
52831
57542
3116
60120
40834
14082
44713
28989
39460
38329
20019
21975
41693
33072
19454
26051
35850
11463
48094
62775
20040
3085
2609
53349
21718
959
55920
1862
11919
21492
40901
48683
64738
34449
63903
61784
27681
24300
41402
63438
28111
12548
36990
32505
8405
7582
1307
3440
41264
11180
43822
59836
57919
25155
42317
15119
19320
12005
25043
19110
21891
11995
38362
20981
39154
1214
16355
31474
40437
38944
442
40854
54915
37232
13585
59279
17568
51382
62471
4803
64626
34020
46985
63880
50079
98
59705
1199
11447
42197
41111
20291
44639
29809
2689
160
2293
27205
23060
54767
27064
7707
37719
18228
57929
58503
62082
56555
27677
23536
9802
8880
47490
34941
23209
34223
22502
5861
54055
62263
7878
57710
63675
8941
61388
8574
26046
2901
5208
18363
40904
17221
5843
19835
13392
2416
35820
17577
32263
5298
10738
39205
52582
40873
12589
17776
1025
53268
51817
58896
19174
16988
42496
32995
22100
1839
16343
7570
36920
65189
20695
42189
31979
42501
53518
14891
26435
3407
17549
8904
24705
31425
19531
59569
41900
44080
52757
43523
61116
46326
55022
60244
52857
63954
26270
21023
29100
45773
61634
6009
9043
2212
33737
40364
17386
58473
28711
15591
18761
62401
42429
52092
63210
33730
36571
49663
22738
33665
33830
5550
1792
56337
62986
14622
11818
29911
37210
37706
52514
44795
9455
42370
47024
55840
6836
63665
11814
2170
49594
53148
47503
52517
19920
17457
26406
3813
23005
61529
27444
37019
37822
36893
2535
34549
21189
51169
41076
56029
55002
46109
20917
44902
24788
39329
26352
23028
53765
33204
43488
60970
21079
29728
52636
6728
25414
10693
17218
41677
56489
11158
25674
10207
20339
17595
33240
57013
4138
14532
36027
5137
58404
46886
6782
63687
23609
62713
38628
25662
58166
61753
14371
41133
4897
64940
11347
8722
44347
1077
23820
20349
43857
18495
21279
28187
37318
13429
37925
14298
38538
47752
2678
29063
22076
14556
49028
49651
26423
8586
39737
24101
57647
28423
31684
43594
14067
5127
41894
18207
45726
10143
41700
16650
43154
35717
1902
40203
1920
54430
7029
53234
24505
65278
11067
8511
10289
23301
46507
63046
6739
23488
17873
28224
16546
38868
19390
62603
62244
39930
36372
25314
35934
12474
13300
31432
9344
30313
51841
32445
52610
3491
30211
61244
27869
47072
11371
62066
44865
366
20086
30562
60802
64434
37537
61808
61541
42273
53947
12055
24516
58285
48470
61290
32210
59265
42886
57505
40452
34174
56340
5069
18255
25264
4926
18264
59606
3784
50060
40330
50218
19142
50379
11673
34218
63917
26736
46431
63471
25616
63436
24329
50457
59613
46897
52389
31033
14432
63977
55462
55758
22505
46321
40237
52312
23929
57283
42512
15675
23674
32398
9966
26721
37124
23067
51075
55853
5449
11500
46620
13585
62639
16685
47697
56241
8441
37350
6961
16113
59658
35575
2804
43935
41087
3559
64238
35703
27938
41005
18649
18218
60849
10466
13032
27636
1115
54621
31967
40329
48247
7785
50713
29013
31576
2377
22831
58590
31405
46593
59560
52942
13827
42819
46498
31114
64309
20358
52527
7566
34880
50025
15844
30432
49789
36576
56748
47882
25072
7929
9873
18961
11280
11142
41017
42830
9078
60759
1743
7239
3778
53469
34845
28345
6142
64936
62727
16690
50244
24142
2427
6095
25144
27633
5878
33736
3278
14167
36625
58780
50776
51176
17079
28212
62802
53184
38731
31935
51319
33182
44150
54019
38379
15285
20223
27333
16571
4705
13987
13650
40354
29142
53846
45880
35631
50500
22938
58783
10384
2546
38938
28053
22265
63860
12045
63712
48485
41862
2037
60067
1193
42817
61963
14227
29925
10255
46734
37447
50060
26718
59579
62263
60740
39979
51685
3072
54004
63266
56961
52497
18518
26506
33151
2065
60837
17253
47435
5465
64649
46933
43239
46330
49670
47749
9125
58768
20107
19252
48854
26319
46937
33318
31720
35332
30720
32655
63719
16558
3514
26229
1442
20338
61709
40349
1445
44557
16117
62686
36138
59821
53375
31621
26685
7253
14331
16414
49566
43398
3514
62225
60545
32436
61031
56586
40355
25757
29300
13358
50859
49230
31220
30563
9591
29481
23422
49768
50269
49488
60329
46838
58182
3763
44217
40337
38019
39394
39606
36312
8520
25514
1663
58238
10211
27226
30523
43795
30057
27068
33730
8832
725
18227
1579
168
48920
53557
7763
43985
4322
42848
54079
63719
54988
32795
15390
18141
60209
54848
35161
25571
32784
17738
23475
24487
24746
9004
20562
1655
63435
8953
59180
38892
42172
21331
38867
32902
18190
10665
60627
15296
284
21359
21573
53309
46662
19752
23238
47351
20431
20080
60133
3174
4136
39657
65526
46803
2540
32310
16315
1117
49246
52592
61824
52372
62931
61338
57193
47794
22638
4283
59690
65025
9545
57688
5349
14451
18550
27617
60470
63038
42710
38257
45621
17672
38052
8921
64999
41122
57219
5603
38465
63179
17926
45915
51729
40553
49
45422
25165
50150
55628
13603
32072
5640
17068
15919
64896
13618
45187
21608
6249
46793
5299
18343
52582
3993
3819
15971
51826
37370
26904
24531
49763
2825
44586
868
1336
50893
28452
9048
41116
22119
35995
14968
16896
1644
20301
42981
52708
30548
45794
20033
38370
29077
8755
17873
28223
61657
54281
36139
14971
55912
5491
20201
38241
38805
30294
43631
61880
42130
21617
65370
3145
24033
34536
44573
2801
31029
24932
3772
36641
29766
19491
24922
4289
11840
18263
2524
2184
39637
52403
23589
37965
50389
12064
36130
21520
60028
46264
30976
12244
57758
61055
15202
29455
18565
21930
38354
61536
43786
59874
56585
34970
15065
38555
40688
41797
25908
300
46528
20617
5795
51303
29015
34846
9033
26887
32722
62036
14406
49838
44821
4559
4306
26626
25207
38352
20715
28916
186
33624
33950
57350
10622
19543
21385
55297
28681
20360
16198
14754
47148
43558
53746
63429
11937
52669
39545
39830
47842
33663
63759
63221
28961
39692
20189
49484
33135
63725
13515
50118
14569
1980
34186
24711
2001
20514
48547
60321
3993
2305
4653
55527
18882
48314
58132
61897
53836
49258
6828
27415
16310
52409
11701
19695
17546
10014
23221
23857
38509
33255
6544
20784
60557
35674
35646
28692
39452
40597
7842
22545
40872
21773
60261
65163
9006
36931
5702
63833
9315
46328
5691
27061
50423
2360
58144
9879
17039
16514
3746
32186
61189
34582
19999
17101
17492
53717
3419
56652
53415
10561
7143
53999
53778
38007
33737
52339
27036
20679
65512
26459
31713
63073
3375
43107
50119
29885
25334
37670
45781
25186
9348
18261
18679
54199
51119
63907
22375
6725
26017
30173
58037
52290
4013
61329
38269
18680
61861
28011
57378
44836
59672
31160
4476
22607
60579
22440
7736
55915
15693
22266
63774
62701
1099
19277
52918
8497
46634
62370
61236
63880
12614
37654
16502
15540
40968
12855
4295
40275
39445
5686
9724
60221
40130
27832
49855
16539
16070
21060
34191
720
44821
29403
43351
62945
51210
39478
6414
55217
24824
17122
27188
23989
52132
29330
36097
43449
55540
11964
48327
8062
3681
56432
29031
52556
22880
30301
35196
37057
4152
37828
23460
48792
48912
35006
37670
64891
43306
44326
62165
1676
2405
8037
14162
26960
23427
31185
14891
60529
43718
54760
26024
9922
3427
35064
65264
36375
32384
60768
45685
6999
7292
34510
4267
35579
41413
1614
35212
47383
12858
23910
32608
59504
21747
16227
62032
31391
5931
12487
13135
24214
54366
42634
43514
36433
60968
60653
17139
9166
59822
37225
17783
63528
63044
17111
39475
36275
58899
27334
39811
57098
57022
9753
33334
17717
6502
44101
3151
23082
301
41306
5411
47093
63054
2145
60651
38134
23291
64009
6117
57576
57196
41000
58280
21808
44254
47739
55385
14989
9140
64543
40139
1982
22445
59546
29577
63859
37296
58848
5427
10774
60902
59920
10623
33068
19221
39473
32843
60406
12052
49273
5526
5616
41774
64955
16131
27722
46745
55203
44266
33732
41209
25587
54642
46798
49523
35181
24657
25319
22483
47393
34553
12325
10834
28399
36187
37506
39968
26247
23610
52658
20771
46960
9530
14601
21281
12529
13970
301
48763
42904
20861
23829
48257
44183
35318
25273
4601
39931
37441
1510
25987
64163
12880
1178
62620
42109
5797
21043
9518
43987
27797
19011
62543
63054
10178
12063
1544
18432
48156
4553
8360
37176
57470
4484
57505
6421
5542
23058
52983
40439
22185
44917
13349
53657
51872
17490
61809
17020
15609
44938
14673
4030
20497
26048
34894
23179
8462
36549
9227
46707
13580
22253
12760
20778
15253
20787
29849
59912
38860
38393
10522
34370
1810
33903
57028
35245
32646
24367
39843
35256
54611
44782
15888
51555
4046
33150
25876
19815
11605
5583
2840
44919
43905
38941
18480
45577
43506
58939
365
62388
58289
22226
31565
56773
46739
55158
447
56190
23494
897
34774
37021
65442
11374
52400
30055
54815
9681
58506
33272
19278
50160
16479
38024
10828
55222
53252
3033
11833
59455
44816
33154
54788
3665
53971
42426
38428
27037
60139
49862
34167
28103
54540
11434
27599
45900
60786
42478
49133
32845
23925
16519
27612
11607
50195
62397
12774
26524
1739
59679
23278
42164
56749
41698
59401
34240
32499
42836
25984
20817
30593
8425
3523
26258
56794
3752
36155
65441
11938
10469
64608
40166
64606
7235
36867
56477
37560
64401
49066
20040
30788
18948
830
36115
45927
4462
21196
8868
38875
53970
55930
33046
49428
45332
42339
13491
5443
39720
23860
29302
9159
1405
40802
41542
7624
52385
10202
35770
50101
26626
6192
46357
33602
24591
2329
26703
40939
64575
30482
24868
29284
42711
61845
42845
58405
39968
55998
64558
25612
39381
36222
65214
39840
23976
27144
50122
33013
56131
61120
46941
52526
36667
49081
1253
65054
56033
55740
54699
29584
25356
33902
51492
50553
47342
22007
39675
24422
48071
48978
17127
41425
12868
19876
4491
48958
29175
29112
39474
31159
50066
54263
36638
62993
46002
43558
10965
12185
28623
7934
22961
2088
17029
45298
35168
44578
35580
48594
56396
50265
46488
28265
1555
58664
38755
62850
15227
5230
44005
28907
59549
11724
49521
22952
51624
16543
22104
12906
27569
34138
49746
16382
14416
9672
3294
38166
26004
517
46284
8688
46431
25486
51838
12126
43330
16571
27725
38406
42762
64793
2851
52366
14776
37873
47492
49276
1637
59315
30619
21849
40934
5475
10528
62949
64253
5294
40880
6921
50850
40827
31328
17891
21729
3226
43794
5904
4159
47854
40679
27836
50334
59221
16745
31200
30715
34628
31202
13762
57298
11076
40760
59803
11999
42784
28558
57373
46151
61761
26485
4382
27260
2670
9311
51241
21844
7420
40634
20639
63587
18490
21916
25040
34257
12470
15207
59902
14347
43815
33054
12521
7010
64314
7374
31840
60217
39633
23243
21541
7292
10418
43399
15859
7029
37356
3748
44167
26822
23798
2929
65505
44823
27465
55665
26522
53361
14241
5554
41855
43696
40833
51946
10145
18963
20300
6522
17635
27680
20089
12544
58957
11135
9451
21876
60577
21206
45970
25924
14779
16975
10707
21489
57185
45198
41595
28179
36113
26398
47581
65118
59091
61958
27199
37225
32348
38772
35777
35002
6422
8627
2062
60512
38392
10446
35400
46133
35552
56480
18284
6154
41566
48400
14547
16934
60497
23616
15429
36856
7316
31382
17672
53338
8626
46806
62397
10933
59389
33640
53018
26806
12635
30788
12515
29900
31707
16747
44203
32927
14419
1538
10822
5181
7024
40631
23251
3668
11004
39898
2039
45586
55197
36268
87
61370
11383
33317
60850
36084
20053
5407
49483
15530
1779
58031
39868
46624
62895
18744
19819
64424
55317
63301
12166
12912
6087
12676
19011
2388
7564
48450
48393
63833
43766
11320
13862
63641
25387
26472
41966
10554
16434
18005
19989
40774
58903
15801
5924
19055
42418
61635
50873
25287
31563
16630
3412
60141
56335
43903
41096
58109
14508
27105
17868
8157
7590
37062
4802
5027
1099
64236
49510
4902
29508
37446
27477
49730
61849
59452
44035
40273
1323
53353
32312
60972
3377
61105
35359
2621
38946
60779
49948
17350
49684
11776
29982
29784
19015
39791
16314
5424
14365
38203
4401
23034
14262
54666
40216
52034
54073
51715
18048
1684
14112
16231
49228
39392
41855
39177
33550
34980
4703
39958
12722
5256
39235
59943
58119
58156
53738
7322
18220
42639
18572
19091
44006
8717
44173
35645
29277
52849
9839
12967
45314
14603
43829
17534
21327
38566
10440
12286
35908
59340
37982
24907
65185
21498
12300
2477
36612
4481
63728
60497
50079
46277
64420
27147
57643
61409
57742
834
16350
41180
12308
19425
39194
65423
36797
6960
40557
65412
47243
2963
23585
21343
33393
29037
62592
58701
6056
43134
177
60555
5899
6570
33524
44872
40047
37240
51096
30344
23305
65129
1250
58899
63306
22748
8454
37959
3741
9419
38040
28472
61354
48372
38646
2108
41091
30491
40864
64070
327
60149
45510
7247
2377
63637
11079
37363
18690
12636
32257
20904
3043
18259
50017
34312
16306
61958
1511
47485
65360
14671
20194
3379
9061
58265
2273
37690
36803
32646
39679
27110
58000
17979
4601
51880
42987
58781
54334
15015
1732
3232
56745
9519
36765
12692
28883
49749
36117
8026
62962
62832
48781
41074
40680
52664
3218
53378
9615
13711
41531
63839
62349
30557
64905
45628
17365
21917
57596
4125
49412
38482
55562
53701
44020
55801
19400
10584
64223
64296
45623
12677
28434
63499
4067
59364
8774
8770
42427
2579
9279
43045
20222
7900
32235
65221
6352
50993
31309
37309
12580
31303
23707
41762
8063
84
27217
22261
6481
50468
42626
37562
38683
16167
27556
10342
28676
31476
43113
45462
37180
3130
4593
9207
3038
14420
9620
62726
8994
38882
3281
6764
60045
56929
20424
37157
52436
60528
39474
49199
61901
6857
31114
13230
33614
52061
25370
10644
9994
64236
42239
52236
25468
10700
30769
48896
29120
3166
64448
26711
10857
40376
5440
20184
11937
57688
27091
27050
32371
50983
22610
14550
15596
5349
7543
17941
44407
57315
58448
43375
10264
2619
21049
4281
41015
53252
45395
1949
55861
45782
28811
62250
45688
46273
13994
60263
51297
23679
49619
61362
45505
14264
49541
37169
4837
559
25700
61236
65009
10119
2239
7863
52706
33873
40817
15517
28917
35502
59429
52031
4051
1927
38389
24410
58103
46392
40564
8797
35808
44467
20353
2784
58988
57715
4365
26168
44015
10141
2277
50617
60618
58101
60976
33118
27478
40104
47122
26894
24177
65445
63033
24886
24357
50637
38845
23071
55706
57226
11610
398
54152
38183
41252
48573
54277
276
57388
16580
18227
6316
40940
2111
12144
63294
27752
45755
5259
45161
20486
22937
39542
42666
29071
6913
10421
48846
47097
6395
17137
32573
38976
25201
20392
30315
15407
50339
55330
10609
17695
59987
31944
64916
228
54849
47300
42731
11139
17762
3701
18497
65476
43735
3534
8196
55078
3037
1254
339
38843
8385
44206
54905
24208
41719
37519
54474
45777
15278
63224
17776
52939
41423
23213
31785
57627
11697
49329
4342
51990
4659
16963
22499
31641
12559
54171
19894
21527
47546
49797
62897
43757
1576
62932
32711
40936
5382
24459
9026
10266
39495
6157
22570
51793
1882
21150
26035
11651
37721
52268
29135
13677
26592
10068
1118
62923
18386
53859
29839
11631
36827
39879
34212
32528
36129
48323
48504
8948
60982
44687
1683
63043
55231
3170
8694
3437
39355
14181
51517
17290
50414
21568
39165
49763
40467
25595
10342
35531
17300
13482
5473
58166
10468
13899
43693
55504
34603
34183
1386
31597
13228
9408
13704
12387
19311
54907
51104
34515
50318
19731
21569
1213
42019
6531
54032
30169
17631
12720
29942
42940
20060
31728
46962
8350
61188
44963
20014
26195
16477
33979
24333
13952
58728
46091
55146
8836
41543
58819
56004
62789
57231
24114
18129
33802
15067
22673
23115
33012
33273
4857
21452
49711
22497
58606
13806
56615
34675
56332
52719
37074
42399
49911
64317
38439
21356
34816
59325
19493
1421
56065
19516
43128
60056
37935
2769
25764
28389
9344
44975
11786
9441
50174
28319
42514
10722
3357
48404
26119
16105
63961
8487
10664
19227
58427
60550
48911
31226
8077
28796
48679
43580
60732
29858
26539
55262
63114
4163
40793
53948
51271
6924
22359
6106
13737
33176
43494
1541
18981
58187
12982
8835
31827
40781
7964
36706
21674
14968
58142
20684
56646
47260
18269
54039
27561
1432
30808
6158
22413
4586
31563
45069
42296
38320
35479
24442
17289
52883
55866
51526
34769
61562
49446
56887
3251
54531
53982
32830
40981
32257
54397
37138
22044
54521
27465
33131
9069
22706
32004
22891
28939
21111
54314
20759
37255
53749
40281
36591
32806
19611
63849
50578
19047
22622
29897
9801
38559
34568
38289
61118
47862
12473
32066
51153
33914
46266
7087
21396
44952
64762
34
20485
3066
48677
32423
41704
19977
36987
1579
62410
151
59119
5956
12856
48591
18960
52324
37477
53931
7875
42067
54289
2431
25293
24819
61943
3595
57064
22558
731
22730
65135
23717
52810
45775
1209
24881
64130
16654
56966
33923
50404
8303
65191
32467
56676
38609
34575
40288
40784
47675
11833
50195
504
23071
26572
58090
25418
43996
58248
6876
3409
1386
11341
58393
21971
17261
3428
28580
21429
54277
4106
34761
37207
56480
30194
55282
55282
5027
36898
7481
23326
9552
48437
59572
23583
49170
1287
19716
21652
25907
20509
3596
11676
26523
46473
39979
22099
18966
9817
18196
61170
37986
29042
48
53533
6183
48334
15812
541
36896
19006
61846
9380
25378
33492
61820
5294
65385
37568
63817
46541
64433
6241
12978
38004
63756
29075
17106
33740
31712
65349
64115
47655
8964
34542
29877
41067
7425
51620
13520
45047
44152
7247
44058
4719
35895
19762
49871
7004
42582
54483
38992
47655
55153
17766
33294
42697
56291
4547
27925
55201
18956
54937
35285
55908
51663
30725
30508
32499
22439
57455
7593
46353
14428
50150
30022
21518
56139
5893
12642
25493
54502
63078
2488
37123
61030
50423
5784
453
33405
30372
13195
16970
53405
62825
7088
26131
50213
49552
32563
30442
53559
1634
5799
27145
24921
7727
795
38231
33636
31939
16663
5851
49847
50353
45390
32597
49397
64287
50214
14714
45269
21066
56675
55573
29644
11326
49600
58640
34120
52193
538
54607
41798
45015
59999
17067
739
65264
18588
10374
26460
37045
51672
30297
53315
34472
8727
46742
34151
39128
52887
52999
41730
53849
64271
55522
8930
9526
53586
21278
34429
15035
55281
32312
14889
56622
59223
24154
65288
61090
10141
65126
55850
65155
25891
11654
8435
16018
60285
10604
36643
39607
44375
9632
34228
11054
13710
43808
37089
17934
32357
58668
46595
9272
20935
34867
60963
51032
30258
53430
17259
34322
14707
16719
59391
39484
17667
56024
39084
60417
54317
59841
64822
16994
618
30046
14252
4344
13384
34015
28908
31395
47421
24823
62291
42001
63031
39096
26923
45098
15478
61957
32110
3074
30906
10672
27405
64787
58333
62635
26257
26818
8546
2082
58664
7599
2569
65277
37756
55061
53235
24558
48979
2682
63646
50734
5551
12937
33469
43957
33488
1068
46922
65345
33083
29270
60796
51959
50249
63944
36212
3408
18103
19030
37277
52144
35819
62743
64544
42232
62033
32820
15866
60617
9859
40011
60348
31408
56252
15754
25447
14197
26848
23846
9548
39003
59144
43245
33243
54872
49226
55869
49444
20004
34213
36317
47306
61382
32582
7574
53389
4835
9554
54060
48447
1574
58072
26530
42144
32794
28778
56717
45668
60677
61670
60332
45988
62288
2269
12145
42799
14626
19204
19757
41834
33381
24324
31766
10099
45473
52944
42398
16463
37992
49677
27790
47466
64020
34086
24615
40340
17001
49144
57711
33664
26365
8884
21826
28635
20396
46215
27305
37549
57117
15312
23670
13770
34743
189
25836
10165
58466
49482
22823
61821
891
2176
55794
53747
24502
39327
14491
35991
32348
59952
23015
10882
6475
46613
33495
18382
53982
9210
62023
55360
42421
64809
17738
63542
18151
8229
42576
61135
46779
51660
44013
9645
14631
857
14047
33148
60143
34477
14703
18042
58995
183
105
55001
37350
10901
50671
51854
61238
2237
26650
19658
22269
59251
43227
47919
57758
62527
65364
28901
57113
638
35787
39520
61477
16758
34916
33090
13816
10272
31102
55331
9994
39198
34290
53158
24981
42797
30
45953
15926
64284
64642
4361
30728
63527
45623
21425
47480
21959
49840
45579
43433
60841
32478
31720
8019
61164
62873
45196
64163
26106
24368
51716
45845
63586
27568
44948
26603
37603
6119
26433
30413
9676
62194
56587
11928
18328
59732
49965
51612
28363
29291
50638
24236
43825
8648
17130
3969
24137
4106
33710
17751
61562
45798
41538
43466
9509
39679
15935
63458
18113
43250
50545
64605
12622
43610
55738
54957
7761
44119
9067
38378
19600
42505
42787
7536
41939
32163
25965
34604
57663
4456
1536
8665
44213
1731
20400
53121
10767
26258
41195
867
56102
524
45277
26408
43409
42988
11299
2854
4134
61704
50562
15529
16658
10095
9934
42695
58678
2622
39223
28435
29
36539
60218
58452
62669
13051
45504
50723
11915
32609
28894
33395
1066
34308
37629
40334
34578
28981
10830
8783
31914
19264
31036
45513
61670
22879
37459
33333
31200
23623
51111
17701
58005
38549
37438
47324
12007
14315
43407
52297
24873
26781
2200
29426
25436
60237
18776
48893
27224
12747
47851
55405
64291
21916
49891
28849
39721
36786
13382
5379
36029
64646
11331
54425
43564
53876
13063
12769
34489
50561
59422
55327
24991
20708
34993
1960
64757
12547
12297
39841
35092
56300
13666
59059
55006
35573
56084
45161
32337
39185
40092
58114
60859
26230
37499
51615
50489
43710
5062
41401
54583
26908
3622
28443
15132
3951
18173
7190
52908
41269
36156
61994
52995
4272
23354
17283
53328
36565
19681
29915
56126
43413
31137
419
33996
51167
58250
11541
5771
15575
63208
15566
15212
62772
36538
54804
37464
57583
7080
40964
7864
64149
62345
19956
3371
50622
15763
63423
26182
44991
59652
20921
3416
52387
20604
22656
53351
49665
60049
19008
38960
41612
10108
6954
6098
1103
58842
19394
8320
20325
57350
18457
60629
10396
59378
12792
27420
13631
51224
33501
38064
26770
16437
1220
3352
36509
56083
28397
3690
65217
205
51660
56350
38371
13912
56331
59887
7445
23643
10207
53448
5683
57866
30065
63450
13571
30664
58179
5100
19056
47189
16201
45199
30589
62591
14218
56482
55990
21251
44372
19515
65477
64688
24223
51368
34260
64647
7787
49726
11045
56784
18597
21765
39716
410
61375
16139
38272
29926
22897
33840
12451
25901
19883
39050
11293
50004
3546
62536
39410
42912
52617
58402
31856
54777
53711
28514
53217
31418
18344
26133
1265
36901
38323
57222
14521
19863
56997
39156
26444
50091
29573
20847
8796
4259
52384
53491
2610
13899
56688
6907
27777
43877
21540
20688
4948
13820
19501
27469
32063
28058
55956
28020
52196
6849
2207
14913
56863
63852
37357
7643
10970
33009
36999
65041
65360
20076
25247
27435
33460
58388
33722
64870
30088
1075
33765
57451
64612
33814
47014
3376
31476
58303
24601
35017
20278
15748
991
43317
34238
49727
18523
54954
55858
3144
55511
4114
17945
12723
19421
61975
24077
38043
32546
3628
19868
41422
34742
51220
63857
28436
40834
35530
55639
60092
55955
60377
46890
45233
54044
59910
7753
17356
2329
34289
42964
6556
59187
11093
46392
65238
45925
14770
19113
28181
2053
56584
23963
19071
19043
58144
4682
46792
63868
4344
6447
57568
15485
5999
57043
3620
58258
13910
47127
23033
46158
55386
32669
18680
24541
17438
2230
50475
21477
9449
21034
57752
20471
569
39200
21814
28332
62495
45211
51909
21575
54208
643
42811
53397
12240
37103
34232
60120
50159
41137
65121
61894
29659
45848
62644
36585
58117
45250
27992
37419
38707
55603
1505
60721
47297
37966
20708
20276
20051
57349
35607
12265
37414
33351
32260
57583
28652
62923
51372
31034
51261
15465
21539
15159
60250
18089
50528
32418
48525
43955
25272
4914
47244
45632
22351
22302
20874
27105
57567
10079
63393
7741
29184
47504
46777
52675
36914
30148
55644
30423
19458
50498
23026
1178
57026
56998
11921
46181
41831
50048
4744
1835
53878
2065
25063
61538
59240
61247
60084
42719
30302
13022
33394
15286
46778
45255
34794
29468
4365
24679
21617
35134
14161
1504
50226
24877
4664
20512
13286
33096
60060
12308
49278
8588
13339
12571
174
37599
54926
39806
5889
48180
22507
44675
56563
44404
39143
34923
13864
28729
20568
17548
48489
53286
17554
51323
37780
8401
46074
62258
34124
32434
47013
57339
23836
29721
8843
33474
63396
64572
22139
45382
39628
31131
62816
853
65064
29774
12328
56836
38425
59014
51558
26228
46742
8794
61578
76
64331
22127
13876
48719
39737
33045
23674
7121
35176
64466
6742
64547
61099
26310
8612
38204
22022
58673
40039
11943
53010
2042
35026
47583
40521
20236
46916
44012
30054
25191
14411
20337
18636
846
29867
8644
39642
53665
50717
32928
57357
52776
33627
39060
58867
6107
60944
32130
26040
6048
63902
312
18626
54901
25950
12552
65532
53762
61356
58771
60694
15582
56693
24831
50953
2880
46339
47382
43780
56161
7736
54639
24332
13975
47
22033
6663
61880
37636
55569
10236
47049
18079
52600
16696
19412
52428
56428
33246
17240
529
59822
5057
44513
31820
19874
48918
12548
3933
10117
8907
34043
46987
26295
58084
50931
39894
47874
41896
16745
50319
6928
4324
31193
2764
60355
1992
7904
13117
26749
44372
30255
39745
17111
21938
29397
29339
26271
53683
29500
46943
41758
5632
54579
20142
6364
35722
33896
16956
19157
8406
52831
51204
25464
22800
44380
52013
1547
22298
48548
29439
36419
29326
6344
34048
45518
64676
54729
44132
33622
41309
50755
33254
34810
13028
40221
43040
7121
50940
8208
43160
28507
37267
34547
12436
2068
41159
10586
19114
24373
31075
33656
54580
28314
28871
18404
1645
5595
49824
39413
45506
31009
9644
12064
72
61525
32608
59866
24134
49112
29169
61186
49862
22554
24194
31722
56956
8917
57838
9639
27195
58790
13565
45170
6301
28018
32855
3415
83
3782
28365
54515
28227
219
14606
12743
36296
33200
10956
13720
41990
16454
45530
52072
22083
11285
22743
14480
1664
46611
64603
64133
28059
43263
47607
58924
12488
23663
27425
11113
37410
25900
5958
63626
60440
64956
50629
6575
4151
13138
26036
64141
49158
15573
36209
13348
20272
17422
59710
24765
43445
9680
12726
35537
26673
44604
18458
45496
27147
31757
26086
13006
56115
44185
40646
63591
13746
59395
62059
38325
1470
55561
16492
50560
47447
34249
38322
13686
20719
25197
39085
56377
28201
45337
45053
61607
21613
30583
4113
48749
24098
60169
29938
31393
35906
14890
11307
56090
5371
40253
38665
25196
56297
11931
19450
5746
31602
41692
55453
15844
1172
40940
56942
36082
17660
315
27698
26191
19675
22279
11210
25201
5119
51460
61207
19654
23725
23499
17112
4140
52319
4803
28772
8218
15087
25792
47961
39240
64630
24709
50570
13254
42137
25649
26496
2867
61543
32284
34298
22734
27744
3741
25732
10137
30245
32388
23140
15789
40201
51623
4152
55419
64099
62365
17154
39039
31872
64813
52511
23118
11172
5796
1634
23063
35608
36570
57007
60358
23765
31727
17181
7147
7988
24052
3040
25786
27360
41704
15453
20337
14227
17464
5292
26355
51905
7763
51106
11574
55193
25054
36943
6150
56432
5649
55860
7025
31936
23565
53365
49114
10404
34376
59581
56349
17135
58754
10788
28683
53212
28761
40675
15323
64541
24249
6681
55547
16989
35555
47202
57401
58633
17711
35178
7339
42681
40353
17681
7974
60566
21510
7268
34182
27999
4239
42255
11171
48112
14979
3199
54198
51874
24667
41018
64355
28026
56289
51185
48126
47968
57524
60364
6458
47504
49192
45019
23685
59310
2537
47024
11553
38610
29012
45659
12222
48069
58441
22774
58339
41855
2488
32783
31799
43497
1458
5167
19407
3972
15210
23433
36568
62435
18954
62819
31226
15546
35468
22529
45051
36208
32686
2162
43804
22171
23590
29870
419
6119
31329
58751
20719
4120
10134
60650
45079
10592
1333
34679
5372
12944
60975
13164
18482
51537
51762
41657
60723
5268
25028
48386
17060
34944
4911
33260
30124
35088
41922
35904
46731
25721
8211
8722
29470
23200
37552
62541
18205
24545
41275
1676
63805
9408
3736
60223
29656
42288
20162
2032
56300
51403
57116
25762
58098
46408
64520
46151
35026
37935
31907
48625
44491
16795
29218
39436
12990
37527
49690
51961
64598
3351
61305
17322
5948
27520
50466
45735
29682
64412
22399
4605
551
27942
26257
30612
25454
8636
29777
31249
30821
17397
61357
22002
22824
14834
24428
13331
23206
21144
36552
56682
11539
36210
31533
63539
36610
22892
54299
31303
12430
50302
50591
9952
48711
51840
58179
12211
53222
54757
43917
543
7680
54758
29200
4662
34689
1497
38260
36823
33252
54960
5956
62783
42030
57484
31444
4225
45512
26481
32780
11190
48330
34859
44705
8549
750
33982
43530
12042
5500
2562
61536
13430
56569
59997
13226
36371
16120
13629
59488
35741
7928
2050
12844
13910
3154
15140
48476
29901
26173
8894
10532
33551
19867
23563
59241
65512
37848
48226
29591
3864
42251
43512
45450
53876
24647
49541
48589
64157
59276
17053
25347
33759
54418
11207
3781
4550
27691
13872
37982
4679
29685
59338
28010
58501
52521
61466
64781
5073
28542
10187
32669
52445
48650
43901
59212
23392
64788
309
18414
43175
60855
27542
54308
49368
29148
2834
20718
31681
18235
11305
33852
5300
33431
63284
17283
56493
437
22223
10289
26234
35059
43889
13366
510
62052
49931
47414
31571
40864
36289
20633
9609
43750
33579
65141
3547
40449
49169
16241
65261
38624
57373
2361
235
1454
63674
33954
60496
37210
33417
58496
45697
35105
50576
675
5435
18978
20989
9533
26628
64500
27495
42702
6706
60288
37605
47300
8329
24136
44486
62344
63761
54975
44858
27460
35626
35254
415
41216
10222
61247
38479
22451
9196
31018
54567
39889
23912
23938
62155
11080
28966
39874
39210
53037
19880
24673
7657
43930
63205
1003
47908
1448
49923
269
56843
31548
2109
52980
38153
37739
5965
13775
28271
20716
50098
46085
52775
49238
25029
45516
28431
2574
2714
55678
5003
55227
25957
22627
29119
40392
24471
63918
47993
30169
56994
59845
23076
53167
54457
28995
8361
36914
51680
47291
37020
33360
62423
6683
47954
60314
7276
35092
17090
45545
30089
33906
35183
49340
28106
54361
62359
53273
28938
60590
48206
29196
33057
37762
2361
59753
55724
64386
20067
62695
30887
55486
28018
61886
26790
60451
63946
17013
8674
7181
58180
54834
24330
40627
56612
40251
13797
14521
44070
44047
9936
44940
36779
29557
47584
3997
19099
50957
8546
50170
1682
19261
33044
2138
1009
62227
24588
56618
27489
61540
18623
59637
60954
16629
59808
8187
45294
21948
8303
35781
18285
33791
60133
16592
47908
24469
29182
57947
55430
27169
37732
28565
31895
61676
5436
55674
23170
34321
39455
47992
21229
10489
863
62238
65079
18013
31654
46221
61898
15029
24303
34727
35031
58917
48803
57653
4069
49966
17747
27928
64
44095
64015
18667
41386
5891
40006
47355
60643
2679
21722
60306
29581
56561
54861
3483
37208
49765
60459
49387
8071
63528
5181
29974
13859
30477
5859
55172
16388
526
56522
14295
9190
43986
62935
19692
3752
27335
17009
63027
42950
16194
2634
61023
21921
2595
25000
39196
32038
65290
53085
13266
10172
5762
46364
11787
29177
33097
43471
14318
28671
50727
7321
34382
49993
8267
58952
51577
16491
65464
26085
55255
32752
9982
18248
8171
58581
12064
22084
20066
11766
34673
43000
25265
55908
64761
37781
4504
28439
22825
33493
53840
14256
60801
31334
47778
41108
35710
61773
28486
48163
1324
26722
42398
44572
30493
29555
62083
10231
3910
52228
30797
58315
54291
60562
42662
3270
38963
53061
11990
24289
39699
6094
65043
30795
56542
45582
14984
45146
57952
43970
24082
53032
56912
26620
37078
44878
60762
33
30221
12620
18647
64508
60570
25520
20187
45692
25362
15961
33481
53544
62996
6423
51559
53947
17136
16200
33734
20011
51691
17180
36768
50069
3697
15438
12652
28338
36859
57623
51172
29529
9266
29272
40715
60846
22326
40866
44610
20761
29597
47844
43897
17048
36267
55192
20739
44010
14802
12557
8527
55076
1679
65036
46849
30990
5302
4098
39471
31649
38660
37014
26364
59344
22132
41211
13366
51776
26383
9811
54256
44294
9498
61004
7353
22855
42260
13995
42640
24468
3912
37151
44530
37866
9760
18424
43933
63500
53418
46086
12557
21011
54547
57640
40191
47022
23435
42730
29566
51619
13508
29266
18006
41099
5149
34967
51042
18816
42874
58742
49477
47829
56318
27526
49918
16617
56597
18944
64961
9717
9638
17458
16160
54511
32386
32552
31020
31884
5859
8662
8719
1131
9909
10300
51018
27020
61632
51778
34270
64563
32136
7239
44030
21754
23811
33847
34942
1512
33312
16563
7111
45925
41558
27914
35890
16440
13616
60750
53933
61491
48977
36381
50296
48173
16587
40025
16784
16997
64424
7930
26135
57435
36493
53007
49544
27043
32324
40728
35853
40663
20555
58275
48425
36754
43652
61619
62718
1929
61123
30070
39777
15362
27339
50639
61188
1042
40913
14434
24886
30339
5782
36969
47853
31284
16280
21246
23590
34815
62728
57624
40020
64270
24564
29904
61702
7160
19694
1664
12815
27108
14961
44504
23526
6966
1046
5734
51270
13836
22105
59769
38630
19359
33538
25152
8692
59391
19346
29689
15335
53595
58484
7665
39017
58559
5912
3528
33824
37401
1361
32987
45103
29753
2411
7309
62438
57641
43652
29680
34601
42749
7728
7052
59497
53615
41823
11213
25923
30289
1654
7436
42605
45531
12375
58315
22526
3677
55930
40034
32684
8946
33727
42326
54365
11862
28800
21739
41249
1891
61705
39696
27733
46770
50240
62372
218
2258
65128
51179
26496
47546
52070
5281
30910
13933
64951
8701
19888
45342
58337
23268
19296
39376
23303
42917
3618
16688
23358
10606
19058
59496
43630
26738
24478
33432
56602
64219
45106
21481
7751
63944
46209
23382
51128
56509
18823
54023
56641
46848
7023
15910
548
2767
2331
10114
46494
7841
41705
47927
30876
4859
52483
39804
23121
63464
8165
13787
50163
59085
32431
45706
38515
38377
4072
55067
64231
57057
37720
2858
49997
35274
64395
22541
44577
25392
47425
4684
48164
55679
9118
14040
61307
1161
30657
50599
59136
23842
5653
29664
46888
22305
34039
46613
64825
20838
54709
28454
60354
1032
37133
51728
20381
36726
28873
6473
13913
51584
20272
56527
52847
49689
17528
49797
61114
59363
21399
51870
22687
40999
22615
14295
40171
10109
30664
55644
13532
47591
966
37597
35551
4612
38164
58280
29279
21151
3916
9299
12674
59412
15061
2488
44922
21769
8945
59088
56989
30496
47481
14521
42324
35808
51393
21184
52658
24208
46855
60893
24074
31498
31738
12736
42510
16698
24290
31785
13305
14056
58591
23419
23594
40990
49239
25002
16275
57361
52359
58745
13790
63533
37993
59663
24429
20464
24840
3831
1842
15306
57601
18555
41957
57064
30926
44047
62304
20027
51089
62176
42092
2644
54645
26888
32971
37424
916
40954
61717
52085
41048
56835
16087
38305
53900
12493
44663
23514
38893
45435
38000
23140
28317
49509
31480
34308
4811
34624
2848
50706
45167
4812
57646
36184
37501
24475
50561
30793
7777
48195
50122
47275
56424
24185
18
30136
8775
33527
28973
51444
29207
62450
55267
33404
47644
55764
47477
24500
3363
25656
37128
56169
29678
16703
17976
23379
7578
8500
30621
27265
6494
12702
43000
57496
59483
3947
42666
21353
40535
23101
19669
18344
58716
10255
4752
26133
42469
45900
36777
42927
43265
38828
30386
12874
614
19519
50888
29429
41874
34610
1927
48288
7217
4908
41275
14798
35996
20347
53055
7788
42203
28859
27213
59867
60456
58678
34315
25000
36237
2674
18582
41534
61581
5767
3110
23794
56968
36928
33150
54509
33147
42068
41493
34840
34312
38157
41729
25577
39418
63626
63253
21428
42017
15927
27941
25079
36403
50836
28935
56821
30001
31405
1130
27786
17720
50778
1454
29797
39198
47274
14468
37268
57979
41896
14833
7318
5435
58809
34291
41233
49504
4802
65458
63726
26445
48332
4336
28921
46095
33981
9643
33447
21597
3128
64149
62913
46103
22627
31362
56621
63877
12325
53293
46528
41594
33002
14271
21655
3489
30630
46658
1653
53570
30883
14148
53898
56193
9789
38771
49434
17518
32092
39417
32481
12138
20039
7509
28550
16431
17953
46374
32518
13320
51951
53333
43613
14459
17402
56650
54777
58795
55313
55906
58225
50250
36631
37084
43175
28736
24841
28858
37289
63369
35512
64209
35881
25486
27348
28645
58682
41829
37176
2468
34771
58804
37494
25791
47942
40316
48063
19242
63023
8693
16330
34945
31174
62113
44611
50173
18278
14681
51789
20687
20995
46136
44567
7743
41334
35381
57456
44919
17792
55895
45625
54877
27400
42370
2698
55090
55934
13961
40709
38729
58858
47111
21803
24360
58714
52667
703
14070
26215
6
3919
13741
27091
19863
50572
1392
32659
63126
40731
53112
34487
33898
27774
10504
39363
12035
38371
39545
31525
49704
62984
22966
6267
6458
48086
8272
1948
48075
31861
4116
425
28026
57443
21184
10066
16281
433
30787
28574
53945
13999
46465
21507
54781
21084
21895
11258
60373
43812
44664
21716
1937
17944
24853
27815
9311
9654
57097
55588
2785
30048
62556
36287
17329
28504
47658
62947
28647
59428
29329
25641
33871
58367
56498
20490
62882
29484
32199
35798
54911
29532
57817
56094
7860
44905
6176
45515
47706
58459
26888
64216
4545
61718
59230
58615
14497
65380
1224
13761
29756
16723
19301
52672
50958
37895
817
30388
15978
51123
61824
22608
42704
14057
13757
643
49752
21486
53089
24098
45417
27732
12762
932
13081
28125
34485
4984
63265
64491
15393
38712
22274
21448
8075
2843
3506
58463
3159
43492
13630
27455
11293
16515
25843
57292
7287
43927
6842
57227
28586
44324
32643
53099
13540
55258
61507
41214
36576
42309
46953
33782
993
49891
53309
2473
47645
164
28201
1343
58068
41266
11943
41992
50810
2399
41431
8372
36118
51242
1705
42661
45261
65034
50816
4860
64289
17525
52609
46208
45812
13646
39786
44331
58531
31204
30040
33900
1105
17574
41477
34819
19373
29242
50434
47328
64601
22657
2953
46437
12541
41835
36436
54467
47806
43357
62732
34577
50636
4369
16957
63206
43779
25411
11049
51908
1256
26945
34202
17466
3795
17346
11990
61090
53955
33723
29442
44101
45452
26906
52924
56556
43158
188
33907
64988
31673
40197
4300
16198
6500
46208
61600
61250
19910
9979
18983
7195
57767
12330
54579
51266
16522
28491
19758
53139
28902
21038
53720
48632
64898
31294
2577
55975
20276
19737
19430
6334
9720
32244
56402
5971
61241
19483
44279
59984
6002
30104
19201
36668
23288
39283
41956
62490
25082
44845
23823
5191
53626
4447
1529
19820
32064
35321
45307
36806
25644
35082
31015
39749
29372
42964
50807
2018
48725
15175
57827
45040
9441
55179
45166
25229
34613
38421
27741
24622
33162
28955
40584
12424
60031
52044
14746
33858
61316
49424
12150
33936
23990
61907
49365
51102
55671
238
6112
3953
11073
46915
45282
22688
31186
12929
42181
46479
43973
19866
11776
6658
55698
16247
2596
10469
45365
34785
59959
18081
63570
26803
9161
27082
10781
10190
49516
64151
16246
53534
58686
33094
50941
36196
22279
47078
61067
22161
2115
34645
7765
16315
55645
6824
14107
44708
53479
62362
48901
11544
49680
4358
52488
46996
35699
22267
49600
65051
36281
10424
21263
8128
28269
18240
14086
38951
59624
62534
61333
27375
30864
55341
13362
33834
29688
35985
9375
31967
18960
46085
52329
16052
1245
31629
6863
20425
24120
17494
64381
54177
60137
54329
2185
11222
44023
47325
6532
64360
7845
4738
14403
4851
51637
51912
50498
4659
34937
41075
62997
35334
27401
9851
61977
52145
33860
27531
30793
31554
9103
39047
31428
52785
42262
20197
55402
54495
22912
22814
28369
52245
27118
51690
11086
5092
1377
34220
54749
40444
36266
51593
59643
883
18190
20970
13769
52740
44437
18535
38128
43855
40364
45342
59499
24697
62584
60233
4940
26044
31742
51408
55070
53002
65224
57975
8997
7753
55294
54361
28119
6992
14398
14260
11125
22876
36087
7985
36172
56055
11209
28281
45757
36415
42753
8400
40412
30134
55867
18031
56698
65174
17911
46929
13568
29522
33512
18755
45799
18267
9666
23611
58142
57363
61071
3502
46705
32553
12707
61731
18736
58104
39710
22460
57932
37627
38398
8355
9211
5236
18563
46490
34513
48341
24777
43973
42064
46127
18451
54580
34153
59561
29369
58902
59751
49287
155
44296
39527
13702
36084
38415
37242
61435
40312
4918
1100
39369
33281
29415
24960
57098
62598
512
19655
35088
13017
25786
43906
63840
10468
45242
39355
29427
8157
62805
28298
16746
28525
31831
51625
15816
31464
22386
54057
28624
45687
19764
57375
11022
17632
23615
40286
55672
53430
2493
42360
29812
39004
15193
28194
47100
35593
56552
50807
47866
49666
28124
21799
12870
54048
20
53139
46674
26324
9747
25308
7816
61410
21715
1772
12417
4515
24831
32687
39144
36610
41457
9141
17071
37219
10966
34403
16775
63863
60904
41646
48830
21499
18338
12888
6427
44835
2657
7191
18327
8873
57427
41341
57434
11830
45129
13415
49823
33153
11606
10268
2927
7385
8182
56396
496
37412
51555
14310
13454
25264
41525
20244
14376
56273
41183
48734
58816
2758
29715
45717
27545
53482
53680
13866
29892
47551
4369
40157
9813
32813
43935
35718
59642
10956
30333
28227
16984
37818
14148
9030
22197
29095
23922
44750
60350
46752
36677
14925
62236
2820
3093
9705
64140
6514
60681
55834
1171
39596
37174
49389
29856
2500
35063
19141
48880
6532
17285
33111
69
64639
11190
20324
36376
8449
39113
50967
54809
29273
20409
62853
4801
31001
40734
32735
25521
977
28782
45744
59979
28484
11002
19280
22570
46353
62315
7631
50139
57453
53539
40902
65360
47092
14747
55942
15585
55320
18668
3844
39265
63667
39964
63918
45776
25540
52047
59909
34553
65000
27507
19067
59666
65316
27732
16733
50826
40658
9552
19260
54172
35089
27225
29082
57617
28113
2767
56228
50962
47353
61895
55097
25334
10353
32236
27350
11796
24326
52956
17494
11134
51957
11009
54737
65486
24116
33268
18915
48529
25664
16293
48885
14645
19039
64954
31511
9193
9214
26206
40391
22944
43212
46346
25993
15847
28139
32308
43640
35861
37584
31679
17421
33634
9152
38661
8352
22479
57868
41584
2170
42140
30555
61154
34358
51449
34891
56534
9868
4975
61464
8841
54398
10608
50142
56008
44168
58048
29209
60308
6904
61378
45067
47640
23680
33660
59907
58642
8600
31778
45611
157
49856
39124
34837
62179
40412
39647
37402
59839
49079
24807
36345
21297
8798
53080
45945
60164
31678
13250
2278
35564
30754
25596
57869
12032
42612
63070
42583
11158
51234
6245
27476
44260
15997
6490
11067
62853
5654
1138
8772
55494
10536
17168
47610
30465
26922
395
60727
55942
26258
21724
30275
11171
15106
33133
17821
2113
1041
30847
34702
50136
34280
27246
47268
25718
53961
5095
20972
29368
56883
1634
62921
9232
3758
42001
22955
54796
47835
2641
7030
35759
25242
9299
53837
46701
34960
10696
3374
1840
25793
9783
65340
8356
60652
32104
41043
22969
24669
22295
48155
38606
33257
11275
35215
37066
51766
43061
21329
8020
52489
13203
46636
1593
136
23517
49527
43847
57763
2941
51651
13777
6504
62736
58987
6516
16510
14577
8920
6660
27492
15668
34182
19229
23415
60295
7757
49303
40541
36762
62651
60194
18050
60723
48761
15106
2912
53540
56115
63995
39232
8921
4595
28772
50174
8558
15726
19808
52324
28573
30706
41280
2036
46785
64490
22635
47830
28837
27823
2794
55103
37839
35522
44961
12929
8533
49448
13548
36444
10648
56375
38807
65408
35101
28145
41230
8185
55162
10919
63454
60305
15877
37830
20638
42761
25962
58898
47227
34326
3296
56485
48276
3903
12853
54471
14257
52777
17828
49291
39213
27464
28463
43517
49989
47850
35258
57551
62214
30465
12847
57389
13180
53968
55646
40926
4577
21788
59770
32749
39819
9251
41272
55884
60558
24547
60804
53307
57860
50607
47306
52374
1644
52980
38567
53665
16648
37463
64941
16137
38170
30339
57794
48316
44501
13677
17174
64498
63640
34527
64420
11878
55298
60493
15817
11669
61478
57235
43111
12582
23342
290
45319
58696
45514
21794
12483
40344
30220
64098
7421
15120
60714
42960
62859
44639
32541
27870
17890
36737
4099
41537
35293
6391
62265
53991
24286
45606
34151
2012
36382
22454
54900
5640
57120
59341
62469
9103
64378
39147
9027
159
9814
8256
28247
18670
64538
49152
12040
6085
12528
31023
30204
8736
22036
9438
32563
3075
49912
10663
41356
22679
17616
19027
10459
32356
13899
49454
7060
53284
25102
33007
24114
57890
2598
1405
6754
13181
29883
52667
47767
43961
50123
32671
55028
2341
44546
55931
12034
33691
34962
39129
42248
56880
63360
26712
40358
49184
3674
36484
16254
38390
36119
14031
13889
56088
15161
64415
18773
56256
64479
59822
40707
32993
1358
64500
32723
40098
29622
45959
14704
64374
26468
65454
41378
29408
25307
10620
28652
6120
35733
55607
20431
13267
59898
28068
26168
8875
62607
45843
42750
10995
27420
7153
10286
14273
21511
30467
47127
49039
31155
24810
62129
28271
20951
56130
53172
13442
35073
12177
39009
9965
60110
3787
51693
30856
4522
7153
27502
58376
22565
3175
55537
39129
7310
21937
55195
10787
23073
38751
6996
28485
7722
