-21
-22
-27
-23
-4
40
123
258
461
747
1128
1614
2206
2898
3674
4507
5355
6167
6883
7434
7752
7771
7437
6711
5579
4056
2189
59
-2219
-4500
-6622
-8410
-9691
-10311
-10151
-9137
-7256
-4565
-1196
2649
6703
10649
14142
16832
18395
18559
17139
14058
9369
3263
-3925
-11729
-19571
-26794
-32697
-36586
-37822
-35871
-30349
-21060
-8028
8498
28036
49892
73193
96930
120016
141352
159888
174692
185009
190305
190305
185009
174692
159888
141352
120016
96930
73193
49892
28036
8498
-8028
-21060
-30349
-35871
-37822
-36586
-32697
-26794
-19571
-11729
-3925
3263
9369
14058
17139
18559
18395
16832
14142
10649
6703
2649
-1196
-4565
-7256
-9137
-10151
-10311
-9691
-8410
-6622
-4500
-2219
59
2189
4056
5579
6711
7437
7771
7752
7434
6883
6167
5355
4507
3674
2898
2206
1614
1128
747
461
258
123
40
-4
-23
-27
-22
-21
0
0
0
0
0
0
0
0
0
0
0
0
0
0
0
0
0
0
0
0
0
0
0
0
0
0
0
0
0
0
0
0
0
0
0
0
0
0
0
0
0
0
0
0
0
0
0
0
0
0
0
0
0
0
0
0
0
0
0
0
0
0
0
0
0
0
0
0
0
0
0
0
0
0
0
0
0
0
0
0
0
0
0
0
0
0
0
0
0
0
0
0
0
0
0
0
0
0
0
0
0
0
0
0
0
0
0
0
0
0
0
0
