32768
32768
32768
32768
32768
32768
32768
32768
32768
32768
32768
32768
32768
32768
32768
32768
32768
32768
32768
32768
32768
32768
32768
32768
32768
32768
32768
32768
32768
32768
32768
32768
32768
32768
32768
32768
32768
32768
32768
32768
32768
32768
32768
32768
32768
32768
32768
32768
32768
32768
32768
32768
32768
32768
32768
32768
32768
32768
32768
32768
32768
32768
32768
32768
32768
32768
32768
32768
32768
32768
32768
32768
32768
32768
32768
32768
32768
32768
32768
32768
32768
32768
32768
32768
32768
32768
32768
32768
32768
32768
32768
32768
32768
32768
32768
32768
32768
32768
32768
32768
32768
32768
32768
32768
32768
32768
32768
32768
32768
32768
32768
32768
32768
32768
32768
32768
32768
32768
32768
32768
32768
32768
32768
32768
32768
32768
32768
32768
32768
32768
32768
32768
32768
32768
32768
32768
32768
32768
32768
32768
32768
32768
32768
32768
32768
32768
32768
32768
32768
32768
65535
32768
32768
32768
32768
32768
32768
32768
32768
32768
32768
32768
32768
32768
32768
32768
32768
32768
32768
32768
32768
32768
32768
32768
32768
32768
32768
32768
32768
32768
32768
32768
32768
32768
32768
32768
32768
32768
32768
32768
32768
32768
32768
32768
32768
32768
32768
32768
32768
32768
32768
32768
32768
32768
32768
32768
32768
32768
32768
32768
32768
32768
32768
32768
32768
32768
32768
32768
32768
32768
32768
32768
32768
32768
32768
32768
32768
32768
32768
32768
32768
32768
32768
32768
32768
32768
32768
32768
32768
32768
32768
32768
32768
32768
32768
32768
32768
32768
32768
32768
32768
32768
32768
32768
32768
32768
32768
32768
32768
32768
32768
32768
32768
32768
32768
32768
32768
32768
32768
32768
32768
32768
32768
32768
32768
32768
32768
32768
32768
32768
32768
32768
32768
32768
32768
32768
32768
32768
32768
32768
32768
32768
32768
32768
32768
32768
32768
32768
32768
32768
32768
15199
29006
37362
51843
1617
18697
44051
51519
62059
23808
45596
64457
31867
32867
4495
43538
49543
31217
6106
31259
49964
38675
55359
45640
38085
30399
65327
19649
15577
64624
10079
13616
2718
51927
26290
45951
1171
35094
48692
6232
17725
39367
31734
20171
37223
49015
2609
61459
64525
7001
61476
1247
12182
43753
33235
13660
19060
24235
23400
20903
47187
62143
40665
16425
8427
48172
39175
41231
18944
11116
33544
29405
63449
6725
34576
2870
42177
14252
2052
41119
35717
13384
38572
36979
7849
750
45422
15464
6938
50141
51484
45935
60987
54079
37957
31098
13515
48137
46989
43788
2298
20659
5226
28487
24823
32502
12899
65007
34467
28288
38714
60585
16497
18270
12314
60521
10446
35119
62304
34407
54533
5310
19335
21073
12703
5752
53757
9202
54541
49538
43328
33668
29827
55779
61150
2794
49829
7265
36028
56931
58118
42723
26417
23192
42225
54262
60380
23740
7126
61248
49517
53377
4666
56484
6640
52704
29936
15936
32986
25660
13884
56612
20655
57491
42195
45666
4259
64347
21876
25817
4515
45915
4381
45538
6352
34408
46854
40262
10352
43425
48570
43296
18259
40258
59981
34956
46784
40985
2164
11788
14920
33324
1162
60621
31621
18161
61667
52881
38149
63550
41046
27514
3562
48418
11764
58487
41818
17665
30876
37501
64213
30612
61460
57158
30364
20183
17108
5361
62098
36285
46673
31057
42619
26154
26302
51044
39969
25764
5700
54932
10487
61816
7692
27387
48559
30455
36025
3976
65224
49483
57593
3059
57308
29471
10251
29502
29458
22996
41115
40961
10872
9164
63172
6790
17192
45667
1494
29943
43410
45677
45678
11805
61876
33292
4565
4208
2369
2417
18629
29585
46067
18427
5186
31893
20492
53871
23483
44625
321
40019
4189
59064
45516
1459
471
63286
52688
33005
3050
40206
25192
49508
57675
49395
33184
25760
9373
18805
19834
26679
34685
60857
18367
28148
22546
55809
59316
47847
59366
49085
58131
17453
29083
35486
3958
57223
28212
64732
63157
13796
18667
30252
25233
53205
9155
29230
42144
32710
25213
45223
43609
839
6606
5218
63502
28915
33338
22717
16049
48821
10852
57370
47529
65451
13196
4884
7616
6388
13836
62814
42796
11625
9558
53607
20989
35520
20005
9906
47479
33714
4024
31295
28567
57675
63354
49310
8814
1141
1215
36065
55008
62164
55697
22609
16137
39580
4705
61641
62376
65356
54014
19244
31420
34254
9400
51073
19051
48087
46186
7520
60593
19069
17979
25603
11952
55711
38522
44437
12026
11773
62882
7496
17910
19795
63571
26739
53604
37413
64791
41370
23514
36007
22288
32574
4070
56215
48967
38551
51460
42717
36322
109
42370
19981
44513
20666
16736
55695
62259
64767
61671
208
63347
37570
49062
3789
19773
36692
59141
22544
50904
59853
11970
30777
49991
64491
14731
27147
52001
102
26706
31633
22321
42147
64864
61187
48916
52684
48525
33841
21930
1748
15055
21485
24307
25170
34722
50184
6652
22309
36320
21968
10989
33393
50562
27536
32984
19498
4536
57246
19346
45866
37363
51826
50147
38570
57689
18942
53617
4240
48867
21151
58794
6289
40503
64244
44753
63312
27053
400
2732
15222
37459
56571
45402
16955
58906
49309
43115
15827
20677
24134
47583
17913
1058
31237
25330
44296
6072
47833
7029
13013
47829
32159
63823
55576
3906
21689
43135
12531
25216
40310
59103
12139
55606
62773
26471
47617
58408
2406
28321
4612
41681
26848
58966
7785
35138
20018
47614
8985
23330
32555
8871
19097
3811
28598
52927
60468
18821
41413
36641
1283
56848
48918
12207
32174
30429
42540
43378
63219
11336
55074
56703
54981
24848
63445
57992
55623
33727
38889
17012
7514
35544
30719
6803
39270
62610
20011
21037
29427
50647
31224
13070
32431
28761
4885
44780
17787
55555
39780
32971
59022
5231
65050
54217
14342
17720
11236
49505
50033
28088
12786
29481
62040
43709
54402
5623
2725
6452
46238
2931
1656
1016
61144
37974
35825
51546
51800
23200
4354
63432
40683
3903
341
51459
31499
15244
7505
15705
60744
58358
23046
25618
49624
4764
20539
40015
41114
27662
63810
12543
14084
20082
6278
11048
56549
22045
17265
60700
46356
52700
49082
32301
9034
63957
41556
9454
58075
37189
11778
17916
14477
59321
30570
57161
2206
19716
63464
46619
20197
63512
11491
7909
6694
15547
15842
34107
55400
16314
54447
36779
51668
45088
23441
2670
15526
55832
52782
60110
63505
104
489
57436
26760
30668
34800
41503
31986
9166
43614
7367
52756
28561
33493
34422
58024
23940
20172
39817
39523
10201
59551
33906
8154
51981
15140
54053
5898
52909
266
46769
37527
63008
36957
34696
40395
27418
53624
4942
57538
52006
39200
1269
11786
4282
61936
32759
20427
41082
36858
59289
57072
58695
25798
10863
51961
39246
12225
3767
49773
54002
41065
62294
59095
39607
59757
65291
57542
16710
20687
58936
40044
60819
6209
16157
44919
2211
32171
17910
45086
21240
28611
22826
36784
23893
56226
47812
48506
13399
52606
52415
7150
42279
26670
61852
40218
15512
29433
42757
30471
3066
35608
26245
1661
21198
53600
47190
25738
15420
6629
12427
10122
527
33958
32749
1094
4783
24220
59899
48841
10382
46174
35220
1486
47838
10404
22782
41940
62607
27060
52786
3909
15433
25250
4262
31110
38133
49852
10666
456
50867
4698
15645
19795
45705
42704
40410
48205
2690
60074
6414
1525
42534
29045
12501
34525
27979
5398
2867
19352
64136
45385
20815
26735
18350
4451
45226
33229
7898
30059
57551
8548
36822
40622
27856
43606
30359
16045
37656
45284
50766
29481
17613
52303
299
6540
55129
29248
39417
42517
2681
63150
6058
19298
20530
60666
44816
46269
62645
1808
18140
53840
8941
19202
55165
8838
7052
53888
49012
49277
24355
29420
14130
48404
54998
5534
55877
17619
56205
58618
56379
64095
28350
34961
41962
59247
54392
3952
40849
8021
47826
58258
29923
15139
52478
18238
38973
6470
56693
58228
18377
16153
30001
12346
7004
6330
56969
39611
30669
367
10915
54382
64094
25466
35102
39712
28667
8581
16620
3580
19876
39842
29165
36069
24465
62000
53424
30117
9812
19264
56581
35835
12580
5373
29354
22407
54566
59622
20652
35280
46963
65181
49989
40010
19447
22793
3243
736
21038
27839
9789
8396
30493
33915
49555
53106
55106
47668
48812
5228
64055
28545
52737
2304
41822
43736
38458
29103
22520
65358
55521
36555
45341
29579
32911
46682
57942
59075
18270
39473
64633
41860
49246
44876
64038
57966
61639
30288
23841
47803
50097
57885
46677
26082
20188
38634
13352
12671
38509
40041
33837
27945
4817
2704
1984
52740
24521
10416
38640
28280
23540
17687
22967
56333
56736
18408
45281
25533
28949
30861
34338
33182
48967
13487
55731
43282
4631
11941
21772
14298
63944
12352
60905
6350
16802
21951
6030
57736
35191
34300
12412
10613
63747
30491
61872
9725
35703
50674
35749
12175
46692
59824
48445
57336
59504
48877
34465
29973
52078
65234
35843
22284
57992
2471
34084
9333
10124
43959
11986
31979
42855
35644
35970
46637
8901
44236
3265
61310
20389
3041
6357
39669
18743
65135
27828
51126
43116
3001
41944
32819
63446
56687
61293
25656
14117
28352
40194
64047
61693
35676
13747
8374
49516
49000
37863
33090
44830
59123
4722
22055
55705
696
21421
20124
30280
25019
29246
19037
7862
60012
60123
56495
27524
28224
62166
53591
62403
17981
13921
59033
54236
28514
1681
10374
25908
7754
22943
32321
41747
6263
14801
35155
6455
15157
38212
25063
62063
49478
32562
38234
6969
45752
28807
49951
21349
16224
18256
12426
54364
44067
669
8192
15006
44689
62967
14016
41236
7242
47802
18359
55490
18895
15007
48037
62578
52549
1779
15156
6649
10771
43853
49720
1604
57635
60450
37563
16827
55669
29857
32448
8029
13278
61402
13864
22659
27356
63169
33888
8887
57845
65468
27449
59860
52609
30738
48519
24334
9794
33770
51552
991
51522
60401
6923
23968
17587
38537
45458
42696
62660
58982
42450
20828
7333
56439
50332
20852
53290
23431
9171
28192
39179
14358
20222
19335
42842
20339
8368
3432
52976
12344
50692
33305
39614
45860
46276
480
17374
13476
25866
20865
3192
58713
39727
62367
28224
13955
22785
3281
17586
58273
15655
14326
21011
29621
54350
40591
41707
7948
63191
11905
42123
64078
55537
15013
53256
47975
3376
50554
51477
44210
23208
53767
13774
6283
4163
5692
13035
3164
36076
62377
62839
13000
38631
39480
28332
50137
62030
54394
22367
56341
52309
11845
51795
9148
15019
15753
65238
38546
26842
47191
49542
44577
29671
712
10719
4180
2700
10459
7986
42589
53313
25570
61712
18045
44966
31616
25918
18482
28335
32072
4122
24347
48835
42494
25573
9872
29490
41723
37738
3081
59965
29968
39532
63312
9085
13005
23005
18736
46538
44534
27749
43808
36387
32267
11617
48460
56018
53377
64931
15858
57159
21988
29572
17218
62677
61568
29965
61888
53594
63290
61347
42605
49916
8782
50705
45962
11337
1086
40588
1169
17372
24183
40558
44626
8157
42072
43714
59117
16987
41561
54179
42830
57611
23066
4027
5623
58031
39313
32868
16235
58916
38857
51830
52710
64465
43311
7063
35902
50826
22534
43579
21804
39140
28902
37910
56314
28936
15255
19218
11615
55241
51957
51864
56314
29926
53130
25747
48515
42250
3124
61276
53541
34166
47166
55598
18277
39766
34294
184
52453
64615
61060
11881
54729
4998
30751
31795
28065
39221
37274
14832
44658
46663
9597
40233
11271
30447
35026
23885
64909
43456
32437
26872
38758
46802
27601
62290
35574
47438
16047
39572
35304
17058
20771
54783
22212
58051
38133
28769
45991
55722
44871
19422
49070
12260
27235
59272
25871
22166
46777
40240
3481
33712
37529
61803
31641
20893
5475
28137
47665
50877
44686
25521
3204
38700
19632
52973
52540
43249
55579
38556
15033
50894
61063
64095
13737
56378
33338
37992
45100
32935
15162
32075
20829
48026
64791
2557
30400
53598
58821
46880
20821
21445
59116
63043
4319
35151
21482
48495
9751
904
43445
62297
36950
51066
37455
32137
5552
22961
24650
30186
14351
15521
42782
46845
34916
44729
59713
64410
12112
42898
3793
25794
25059
34362
37070
50357
36473
60493
40588
36299
43672
63689
4990
15213
54542
40792
34518
59387
56978
39125
17071
9763
46996
31736
4561
50681
29344
34368
1113
55040
35356
59329
49189
52075
63730
18004
32960
56719
48510
11543
48072
65164
8836
12378
20964
776
53284
21975
21359
1923
18752
28557
3255
1341
61453
44486
50857
42259
38923
33190
54120
8664
64964
7899
14583
59817
8113
13506
23852
19109
24989
24675
57709
55734
35574
34172
9868
43405
18716
10799
50281
4161
29742
53725
45146
10645
21307
36967
50198
57951
4066
47763
11382
52700
24541
55204
4089
8149
22808
63149
27758
4953
25399
37583
58080
23099
21155
63285
18630
655
18078
23513
25500
8027
64305
49508
50968
61446
51811
30524
2939
14131
45229
9182
44420
24303
29381
13430
49169
34192
10967
12066
45584
30057
35422
51730
52205
46842
49233
39984
39063
24527
32158
15496
64097
50522
29299
3575
15219
63232
22535
43827
28629
34814
58277
21641
4561
41636
60508
55985
49739
50169
50848
36280
64309
64055
42738
24870
57824
31597
62403
35288
65511
35441
32368
10228
49154
34750
53997
56545
25732
17808
12745
21771
16078
8244
11514
43205
2891
61614
13649
58379
8253
206
45473
22632
20186
29822
9146
61726
3902
22576
13546
2455
34356
50204
38009
33040
25817
36086
22700
37004
7889
9953
41228
5602
36581
42174
11990
9660
58502
52325
46295
1447
61744
4377
7135
10446
42465
5979
2190
40594
15145
60041
7602
6941
36915
36998
15544
32705
33357
14829
31389
38293
13512
36257
17122
35848
481
17801
13500
22831
21739
24725
21598
2819
24783
32819
14359
54870
61673
6882
18407
19401
64421
14592
7150
59945
34968
46029
15109
25921
59856
50194
61489
55993
63271
16409
14155
20367
14156
54974
9930
40432
62456
43785
21006
16549
29682
56227
37684
20573
5522
11462
28509
38430
12423
49180
17723
29187
29739
31526
59388
52981
7777
44712
27282
9805
63959
62839
49767
20069
40967
32699
50862
13989
15201
31483
352
11006
12053
7624
34423
34194
42728
39658
45449
60960
32079
8696
22758
7630
50224
56484
28688
22942
34406
62212
16706
5948
33028
14200
49700
13428
14826
17906
63216
59513
27542
38994
29243
56729
4611
19945
22034
23747
64629
23544
7413
43150
22502
50536
10418
64914
50972
5262
39247
13975
4280
49358
10059
9093
18884
64311
27178
28177
4561
45340
61837
42174
16128
28587
22092
2779
51780
61265
46968
3010
35734
45409
8957
50067
5578
41777
51873
5721
23290
2283
45819
50446
58693
44955
65521
12347
45204
38868
65104
44041
1596
43549
52613
63868
3957
10859
6784
51542
28889
35957
46989
43653
1489
20174
41145
45090
54312
32983
1071
49034
52615
44227
1056
28061
47129
61268
32194
40052
58542
35728
20538
60082
31696
21283
48496
16435
49910
51597
20944
65353
8589
13671
36728
53922
41905
19651
60246
62347
31048
59313
41308
2219
52992
9334
2375
53915
20938
6814
42401
59723
6467
37514
39565
57147
63763
39999
39788
32418
20742
28688
61173
13849
39617
5355
1904
55712
12639
1709
20964
10266
25603
61253
30600
61494
44472
39683
1874
7084
58345
51491
16992
43869
34955
63186
9241
2282
31061
33830
37876
40482
42188
40456
38061
13114
50721
45594
23470
64273
50485
18879
21410
49812
4156
35371
38881
10134
11828
506
21726
53523
49919
47647
34582
4168
3433
63966
15163
43664
42298
2713
29985
57509
35206
20655
27760
32605
58530
60814
39746
61533
46597
3415
34292
64620
23584
23838
5977
18705
18518
12612
61686
24491
14090
22867
32277
25559
21306
27289
44644
32220
62393
3000
58409
41333
8921
17955
15860
62684
49557
41184
34792
39545
1076
20052
18003
18604
47396
30382
27728
58679
17612
7301
6836
15987
41949
54833
29909
25031
34608
11775
63393
53275
11085
47325
5219
24837
19504
514
56514
56002
44118
22368
61674
6907
35788
60701
26144
25456
38256
7181
55418
796
24370
45800
61393
8554
36666
50279
31088
52918
60254
42144
53173
45691
45307
6035
53140
36518
7938
53229
45313
39550
61303
29398
56919
56430
21115
2466
48913
62366
19492
24900
5676
18778
59940
52570
57271
34075
31040
60620
18555
42662
53237
20184
6979
25488
53692
14249
3241
47343
31387
32800
28262
57255
35169
59436
41541
3920
5090
63031
56676
63974
57389
53894
58626
46870
45865
7676
1111
53375
13642
2823
11380
48604
20219
39875
61199
45699
33256
53841
12150
10758
60652
12759
10462
18966
21406
62002
22107
36964
20991
29053
60840
49171
16600
19260
28641
61000
19401
2847
2924
5027
1910
27082
10577
60867
24388
30552
49224
33478
1977
20726
53177
48339
54820
28980
21691
14371
23555
30072
48135
42763
32766
8348
14565
61534
42717
22386
47284
18974
62750
20332
47922
34281
3011
32959
28113
2944
41227
12405
5480
23491
2117
31922
53545
57156
60374
9117
30685
36117
61
3013
27286
61534
18062
34860
12515
40644
18739
27325
38526
20958
37686
18559
5035
2192
57237
30096
3503
27106
15213
22883
10612
30935
21392
5259
52752
53312
24344
59852
65276
50226
16219
61759
2115
8587
30939
34948
51541
40885
32708
47578
56179
58972
14919
7141
3582
5277
30713
17180
46184
15752
22346
42629
31237
53679
33737
49820
51401
60775
56889
6462
59866
57661
57307
15751
6574
63041
37458
5972
50113
38835
11843
8950
65148
7035
61461
13269
62994
58069
3480
64509
1590
14197
47222
37062
29710
14658
50225
45185
51750
29361
9591
18766
5706
54578
1871
25271
32336
22
40355
52052
10197
4894
21724
19299
56489
12204
37049
36907
6800
20587
102
42876
21661
53182
48230
37535
37737
36131
65101
28456
30285
30261
34651
1828
46621
1777
32413
19801
18356
15387
34263
23464
50529
44131
18075
13249
41336
32299
22196
31475
13532
56681
19601
17595
49870
44912
24371
42293
36249
45455
5490
53664
59781
62480
63934
4535
45651
59624
49926
49470
40359
2137
48893
8102
50784
43321
50465
27532
57013
29925
57124
50133
61768
19447
4905
12574
14864
64637
37363
39967
42371
63392
37576
21000
39317
60461
44866
21846
29964
58375
4099
6948
36136
26238
10457
35461
62223
29968
35052
38367
26445
60753
19878
55162
55535
15433
55024
22474
25260
32627
42574
59199
56024
42786
49744
51185
6808
63089
37186
15003
42818
38400
17149
14998
53816
61027
54122
31439
43254
36476
39549
51121
59472
52383
20003
61916
31135
31616
38554
52480
23295
44566
23280
52531
51523
18630
14210
27796
11090
1238
50179
149
61474
5631
61798
33687
5709
59565
37992
44849
2465
47606
18718
64827
2924
15427
55130
45924
1209
55674
29368
48455
12749
794
1368
16171
53042
55442
6361
37362
12904
51041
32901
30989
20191
57693
64334
23398
8272
15140
23845
46491
26096
64337
18601
31055
35715
19595
40875
40247
32982
60753
19798
46873
45025
38064
23571
9739
12736
8010
4636
35308
1810
8535
31651
20633
28300
32588
20699
24044
48054
45604
56836
50311
4440
14521
46340
5849
19126
15172
46945
10577
35901
3531
21824
21120
9474
47298
2601
24822
2560
50861
27044
21661
20447
20775
24725
2775
3141
41184
35091
43848
4196
17284
32788
49728
25634
21194
42991
21508
64546
56181
17514
51023
10288
8719
15936
26479
22742
29288
2155
60306
11510
21515
29852
9859
61181
26834
33798
61388
46998
9161
1416
44295
52511
3440
34056
42400
10278
28046
18465
53303
18297
28053
2145
31212
6139
55080
53381
4090
631
6075
6851
25164
6009
39558
18128
33421
40970
7162
51467
58205
14632
35383
14533
24729
33209
25927
19314
51581
36478
40938
64482
19891
46989
40401
47581
22104
17681
55023
24648
62183
32036
40162
63644
39863
10392
45594
47717
47752
20637
61564
20719
49230
28712
5808
36093
53686
4276
29397
50484
17415
1780
43246
47802
57384
32986
10055
13210
30310
62703
21285
49500
5253
62065
33078
31189
32354
28754
31857
61890
36320
6044
2871
19497
22331
52274
61902
9983
20572
10882
28255
49226
56890
12448
26462
32340
19431
38890
24407
29702
31990
40620
54285
18437
3500
59929
54421
63712
45464
24445
34070
48591
9645
4675
15747
47716
51015
19548
61853
4643
39101
38498
25364
21726
13527
22803
53910
49800
65514
25815
56404
35846
62951
26629
40781
56136
24505
19678
28063
25639
48136
16416
44971
10490
64003
9411
25376
6131
3758
48107
7805
28621
34625
23933
3278
4380
5628
55069
27496
35151
59415
48941
43821
62271
36710
63447
45259
63089
6544
29397
60318
38621
1213
16409
10915
61222
46694
10945
784
33848
43416
28814
54264
30480
57932
22073
25250
30081
38240
13605
20957
58308
64370
57754
63439
16879
41113
14472
14682
59599
9241
29546
24975
38626
63125
7846
11924
58502
13786
38050
7191
52536
58104
22641
10673
58238
37121
41281
9618
5227
53160
37379
10493
31011
22978
62202
19033
38895
36118
18806
42714
9875
37058
65156
54472
42181
57803
35715
18136
28330
53846
63000
3911
22466
63964
13898
51400
42113
4668
14630
9920
30720
62664
36197
54951
972
15735
9687
25661
18134
57649
23897
42843
29698
62173
7441
44014
30434
42682
54395
31469
38330
63244
53236
1382
22012
11787
31884
57077
15193
18387
50755
16120
58284
21575
30762
22266
31095
20787
5960
13509
35068
14940
37523
49533
18128
61462
1040
4532
51228
13044
18597
28429
19059
45803
50946
28983
45770
61244
34923
65068
37835
44025
17115
4302
39210
41575
32412
64212
61284
38047
9903
57910
11272
55994
54951
22555
13142
58413
41134
48808
35307
64269
32706
40291
23849
42314
42151
53354
52303
29258
45875
26855
30358
16448
19727
17590
33634
30569
53877
36540
36992
45336
3993
45323
14596
58697
38219
54175
46414
29584
19004
50334
34441
11473
45106
59539
54855
16010
56403
12938
41440
27467
60985
56584
29277
16504
44228
309
18667
39218
12322
43244
21010
65366
25678
10464
52314
46025
35359
50087
30547
43753
20676
35963
54728
44680
25743
7147
36400
50198
32187
9552
17185
60434
16476
15265
41016
58132
15423
48522
30624
35125
63281
61727
35835
60987
6356
50653
9801
24438
2910
19181
46223
44161
30036
65285
53976
34143
33562
43486
48202
57179
49519
20351
23974
23411
26732
8146
43650
52298
15047
63464
58097
20610
41952
31697
45782
34412
63624
25913
45963
40123
50496
46149
39968
8559
6456
19565
48866
53074
15706
39610
57177
41633
21044
16202
31794
22404
2424
5677
51168
27154
28026
13450
19437
1944
2655
57175
6657
61984
5806
59640
8052
32505
62270
42571
15426
11415
52023
57641
7101
64691
12125
26241
27414
9653
43319
26077
63256
28243
30943
23951
63051
49154
44143
9446
40242
11635
22878
21289
62030
28152
38609
4099
50381
45510
15429
48544
23091
6366
54126
47335
51291
6780
12743
31481
35293
28
21496
47859
61271
30974
4584
9867
48172
38024
51530
32664
14977
58734
5541
35278
34497
33514
59382
20220
53984
38044
37124
6566
6647
13398
47654
16892
22252
16906
48689
60318
26064
31266
26019
25197
23752
609
43921
20712
8022
39864
5091
26423
42607
1488
55058
28480
52241
45360
41064
8565
33369
41703
25660
18034
55371
46980
45053
56890
23012
30482
37400
44747
59148
45091
2936
56911
41008
14564
61785
61287
21892
62379
23064
16723
18934
21935
4979
35609
23907
40609
36149
47912
17814
49558
6451
5197
58064
29002
6117
54611
1954
4272
12200
8363
61421
19756
27705
20715
48476
28601
59971
27929
23987
23432
31808
34459
4333
28939
51839
40571
50531
54144
12904
20409
39881
58900
59935
63063
25490
51483
9609
52202
8445
24261
989
47188
7108
51795
25763
55518
22745
9975
22088
30085
16847
2678
55407
28535
38544
1280
64839
45282
18860
33198
25171
33167
54379
31571
50103
56144
19988
4303
54767
13553
24539
19001
6054
62956
12412
33990
65001
15621
12986
41087
32957
49485
60629
39971
44794
14986
48651
45030
41496
28744
60206
10655
47195
29682
29355
35631
31880
36833
16937
22552
34861
58617
51991
148
7909
23950
42060
40542
26800
43749
31126
1161
56201
64002
13806
1683
8264
63284
45944
49441
37867
19693
48575
24562
49533
21785
2484
47912
43297
17804
35927
51842
3671
6486
47300
50375
28551
56122
46803
30110
55760
34845
2941
62401
64925
11379
43771
36795
52610
2454
34584
51871
61499
460
43014
30010
11090
23862
6910
29740
50213
22130
44420
19575
11334
833
61255
38709
4262
35870
30619
4147
63942
8238
53626
32001
49566
34694
34927
56620
54740
63149
54121
33698
32059
50062
41701
33123
51617
40403
55386
6217
16885
54378
50973
38990
44829
1960
49075
57522
25964
17068
50349
237
65212
2591
17559
703
32492
57857
49993
37542
24809
15034
32100
15999
52863
57813
58523
22887
44248
64909
29134
6965
41699
35574
40267
23555
8314
55490
59576
45706
3281
350
50994
55901
11295
55218
15687
42977
37083
6188
53954
23671
7835
19586
27608
26622
52646
57163
33357
23001
39155
8545
39886
8920
21098
17870
55056
3572
9322
31870
46558
61109
25554
11528
35954
52207
38098
47782
7557
63675
38385
12572
5347
37089
14703
15605
25269
40319
26226
4727
62552
37361
8742
53556
56488
8303
35560
60771
38856
4528
27247
28102
8483
46542
46042
44587
41069
25666
18691
787
39788
32288
11693
312
34076
50547
28738
21575
28182
30058
30119
59756
44370
60075
42106
40016
44551
23514
64469
32566
13336
61843
41050
49014
19210
5422
12086
60492
17267
39124
8774
34813
16281
335
55781
34914
8342
4426
2324
38785
63668
35048
26824
61521
52097
26855
52773
19170
40486
31185
22310
26612
34919
55159
14119
26937
18620
14556
19092
44518
52426
54831
8007
45061
43739
54344
52530
10982
16361
14113
46408
17774
62353
51825
20948
40512
61770
39970
39020
37120
45892
47201
621
37589
47353
33246
8823
726
4053
35065
30039
3973
58061
27136
15684
60909
51578
58865
23483
44058
25965
43712
42596
65331
62664
46060
29096
50734
47860
62333
7616
43386
33462
20921
44265
60973
52382
6231
11529
39601
52493
7685
58127
5636
32348
62052
44947
31755
57823
35516
44253
24242
17441
6119
11913
54209
50213
21317
26448
49803
56212
14315
33594
55281
8070
21082
64619
30730
19796
44803
9918
45388
45949
61668
25158
12351
28748
53274
43824
24182
30351
45759
37476
11884
15394
31205
1018
29599
27700
43015
52523
21634
61646
18000
43763
10603
10209
39548
40442
65452
49074
29533
13276
46076
37738
5356
23633
16476
29374
13328
41326
30504
31915
14614
32337
43669
34095
29430
50631
31963
64075
51504
41203
63965
38231
30473
21225
61113
21287
61622
51196
3828
1518
57412
11576
20305
11193
65320
55812
10767
50516
14197
29662
9508
45174
22145
5768
17623
14065
1394
15321
9302
25821
22858
6039
57020
19513
16378
45668
17206
37828
22066
8406
40306
18544
17480
30325
4354
62751
55881
44882
47530
44282
65158
42997
41757
51484
60240
63625
41160
47615
61868
19686
46712
15951
7592
60011
47030
50246
20181
63301
29873
26735
19927
5660
35398
48345
58983
46114
48435
48206
3250
63229
62152
20231
33367
44826
32644
47925
29442
60602
30628
45488
53430
8531
12695
7020
11061
25683
47995
11685
45808
7910
18365
13474
60126
50002
46474
35453
28048
43528
28251
13363
17657
785
40120
2454
2984
24496
23891
14755
36291
46714
48936
52399
37162
17670
35903
53693
52385
61488
17851
41088
44255
14306
39081
62943
42821
52783
35364
57655
59964
33043
59073
570
33311
55988
62492
62229
45121
39570
200
33839
37723
47127
12664
47344
31656
62495
30618
15474
17434
26265
48663
62253
16930
60669
30319
18004
32860
129
62867
37020
7905
10837
10353
52807
17132
59915
927
51695
19502
61490
7295
47389
26602
60120
43864
8928
3962
47293
27776
43005
61816
20870
17232
36713
33069
6009
12139
50175
1284
2184
54804
50535
33402
33793
34064
31550
65332
44349
42262
62419
14754
63700
21931
10730
32580
45711
41271
31354
22316
43309
58457
47397
32496
64633
39134
26123
33029
13943
108
29320
20493
15818
45084
52490
28250
54581
34681
34154
20209
26672
19756
37020
56580
18660
33844
51742
42660
2583
36613
6964
7422
26551
18579
25778
45656
55754
31827
29199
60426
11097
62688
23071
41594
52851
62553
43787
28430
4556
14143
22063
17220
23227
57810
59667
5276
21939
53482
22705
63313
28292
35340
29475
42496
24560
50665
4936
55752
14257
39822
10072
30241
13250
31601
58170
1736
40046
15851
54318
40458
43
55504
12291
60683
34382
7952
15218
38170
41062
4828
18008
16459
24206
51823
26897
23238
31504
58598
10060
35580
55558
49718
46539
22907
46702
4860
35104
38093
228
10057
15603
13549
64576
53714
50460
32033
15690
37129
32390
59897
32481
50396
18044
17918
1994
30767
37372
30472
59881
43372
22527
24992
23676
55819
24462
32337
119
36578
20412
41190
9555
9056
28601
1183
5950
6053
64291
6791
55645
56421
8046
10092
52059
25023
63628
7679
33284
16724
5883
60067
52444
37427
46243
34710
33888
54312
53848
47214
10036
35996
23756
23029
58971
55261
3823
4754
53893
60243
12336
30229
1417
11576
60985
34788
34861
16429
18057
23267
46544
54316
42048
60481
41526
21168
31788
50581
38633
50979
13377
13186
64173
47176
35881
27263
65281
30083
53279
29130
44844
35136
28501
61906
55567
38143
23401
29819
60609
37230
64170
48554
38361
7228
17215
19788
10223
30836
52401
52606
55927
58044
1613
25983
45325
6922
1034
63915
27928
22037
53860
37884
15273
17195
44860
17421
40689
22048
9875
11416
51300
7713
65241
27499
18406
52894
34497
4285
65463
60786
47840
64543
20854
62575
44079
41615
22629
17946
53227
27638
25135
9120
7802
27141
5530
7440
44870
38252
60764
61384
50883
4166
47272
8766
1574
33525
51572
56100
54777
53605
65324
56536
52564
48575
353
26391
36969
4846
27291
26582
59191
58766
39143
63607
42654
24530
41954
29851
33378
63778
45897
7882
24219
40054
37366
12546
24891
57969
37957
64237
2519
49186
35289
52602
9305
54142
17833
63873
12560
31857
25190
18442
44917
49404
35722
43144
55632
50256
33418
50852
3836
4879
61879
14603
58151
14301
64595
48963
31824
43417
35387
62898
3312
23840
58178
50695
39300
64989
34254
15030
7866
1236
36748
19261
56972
47239
48755
24850
5821
50387
32888
55258
16524
37021
31122
57798
18887
47058
18117
2030
9320
9997
17441
62211
60809
25431
22711
35659
29424
3132
46935
10822
56025
18540
63358
49507
14969
12303
7177
34095
12560
9872
30151
7831
18561
57198
16302
63230
14745
56380
24983
37407
30986
5660
43769
63960
7614
20607
51111
19561
25483
44110
6384
39405
8324
21202
10798
16035
33609
58514
22423
29449
49859
8737
11018
49812
44793
60679
49784
33544
52538
9653
34952
18109
9909
3190
13284
31721
47879
10543
28941
32613
53849
55937
60782
54931
29431
31903
35287
56190
47983
63758
6162
28289
25640
64726
25197
50395
19498
52636
33524
18679
34606
9530
15618
59570
56059
49007
64004
44323
43697
55093
19343
22950
29457
4464
27525
44899
41756
39639
7832
20157
46821
58053
21039
48983
61371
54468
55458
53446
40116
38220
21785
52527
26853
13986
49872
23011
11043
15534
19386
65527
11290
64141
27610
30219
58591
49373
38852
27192
24394
17032
17373
6189
32222
50769
58693
10761
23130
49432
26708
60202
59896
31173
10078
2786
60404
10635
52225
27367
982
13496
56760
19857
35668
62094
11126
52348
43056
60887
59183
43097
63137
55017
30979
48910
61103
38520
24533
7810
25739
20975
30400
48391
48173
6766
51790
23265
14800
45640
15262
59477
6350
64221
47511
9229
12179
19720
33418
18846
51968
6603
27632
22037
61930
13365
40948
48974
43192
41539
40266
45545
26591
52230
3899
47080
750
39916
47752
35312
37238
18087
60384
1009
24383
26685
43888
43385
64975
6090
19382
46894
63540
55425
49862
18246
24322
28211
5688
62814
48446
10491
55372
5022
51118
10810
36657
47128
36687
55659
39890
62278
30648
4933
2891
8561
65039
20780
23591
39937
28683
57856
992
3734
27281
42359
47625
60826
43789
44219
47214
1446
3166
23907
39340
41413
59000
43888
56726
20916
56646
15334
63211
7232
46472
56441
20008
38999
7640
8415
28505
33667
17840
25412
27196
38737
38936
54601
45409
34764
26555
29753
24076
59648
31839
22394
7582
47685
54496
44955
39689
23678
29440
41909
15456
50216
42394
18276
51296
24236
39429
8033
59532
17615
33075
58046
25233
19085
45219
17208
54742
16116
36977
43323
22949
56614
34337
32938
31319
23914
24897
29366
2757
24692
37707
21435
15930
26323
11164
29983
35255
35118
52120
24787
40884
23317
39094
7631
9062
47738
18027
61422
16811
39783
20898
15433
44505
7011
56532
59758
37665
25289
24315
15307
5922
15803
37439
24962
25177
65266
40440
40451
16947
13032
30242
55643
47288
10646
14410
25967
1511
56075
48433
30349
18580
13825
46520
24133
87
5311
13572
35363
15490
43676
38438
55417
4006
22767
50665
28971
19631
30010
47315
45934
14047
48695
54955
57918
40085
23593
37481
22475
64206
51060
10219
15125
14495
10264
10241
60187
35591
13579
23118
52936
3648
41727
24333
24158
48668
13867
20293
9090
40216
64013
1604
32433
4821
58389
44804
45698
21542
4117
6788
34740
44857
46492
59725
40215
582
50600
58727
10569
24742
36466
6338
53196
10198
40945
53169
9196
9409
5453
8655
3026
2796
7
25957
13279
47218
1336
860
1385
32167
30662
5418
12124
36365
2035
1316
62987
10590
60103
10490
1598
12278
48722
25884
64294
5154
40059
51372
59146
53368
8193
56101
17861
46505
19068
51171
4228
19556
32305
19214
35761
6407
54732
46626
64503
49287
18015
43998
43787
54017
52442
29990
59502
23973
23428
4979
45616
5104
47380
32042
44937
37114
27793
11106
46654
22692
63273
60551
674
27105
48060
21950
49466
27807
40475
58751
9157
27375
44799
25322
55343
14756
54537
33970
729
44960
39257
53398
3086
45196
29123
54594
1004
63594
26987
39884
50140
59803
38837
62560
35977
42385
35877
31096
52373
9473
12321
3787
47290
53665
46757
35041
35716
12316
5819
7868
42579
13707
43489
64185
51903
27919
57170
2464
29118
57209
59951
16526
32733
34013
16183
39294
63881
58628
48464
15866
4063
62324
33600
26030
53323
20930
31116
10644
17526
2713
39636
10599
61374
62347
26864
17388
31785
57353
27017
63148
20110
6736
19340
30283
65175
15163
50505
51180
1572
51967
8496
39462
56935
42787
7494
31056
47455
63197
24081
27737
25572
37000
63157
18846
19192
57569
57795
59764
60915
32291
53937
63939
47814
35085
46464
38520
2864
48367
33354
44505
17843
59794
5765
20110
37337
16651
15010
38365
24419
54097
7571
60402
50478
12953
64615
16065
47960
5454
47819
22012
33756
2013
15227
43414
14119
54708
11057
36119
41784
62182
32174
65388
52324
54249
9438
53953
28574
6420
63270
49842
13191
13351
47710
59638
50515
4567
12326
22724
19629
51286
14579
25287
14791
42321
2994
14689
21382
17326
1287
3578
28533
22534
32606
53213
23826
21314
14543
46933
22357
53218
38689
23324
27967
51957
35124
32217
10589
13824
60804
63276
34466
10361
3334
23409
31495
41951
40992
24315
5961
15433
64763
52744
40238
36448
47971
11498
3525
46400
57995
33896
61731
55875
65258
33169
61183
56705
10302
54805
8322
11885
61219
33210
24756
32890
1112
18837
34915
22060
30514
48595
12405
37833
39945
43302
38962
62755
36094
46139
63881
8710
31241
2978
33266
55119
41275
7094
50256
38430
45022
58496
25447
589
25293
22962
57141
50188
61040
60628
25971
59695
51430
19444
30739
15191
6350
8498
59487
7696
37341
37265
9592
20195
55909
30959
2580
24753
33304
38048
1399
25887
13824
63083
42622
47755
35286
4433
6467
2783
60996
41584
43052
46931
19945
22228
10178
9419
44870
2338
53441
32331
32378
42162
15091
1687
64255
51471
24206
48162
59345
2681
40382
44188
46433
42201
10955
52303
24484
23030
54476
37129
44034
51482
53573
265
55881
51877
41438
4535
22050
57710
61831
53300
7863
59230
38524
36152
47322
50172
2619
59982
54186
14051
17325
32137
64686
58595
35769
64055
31399
51505
25396
36810
24130
44002
32577
39691
45780
28018
16839
22930
43709
56247
37130
9604
10827
16028
58278
63238
40081
16924
34185
34798
8523
36881
56400
22672
59237
60362
52129
21198
50201
30389
25559
24671
39657
63623
58267
9035
6198
38208
11860
56661
15706
30866
26092
31552
24621
6411
30822
31029
47797
44176
44328
19114
32019
8189
34494
6465
60309
53520
36577
18925
32618
22322
33512
36777
46082
60195
4556
49743
25741
51662
40263
17236
8646
3535
38459
23029
62772
1672
16417
20630
10471
44304
47291
7307
59542
64712
20031
33478
39905
45800
2359
47468
42653
20027
7592
59363
41699
57625
29381
36960
26665
14027
22188
30860
60416
60114
64026
57505
12353
36697
50661
494
21956
50672
49235
30061
62455
49882
28039
34648
8417
53960
30032
18946
18259
22670
1619
27586
23891
41585
63695
11003
1034
25302
23725
55373
14045
3275
46256
23608
43123
42755
56373
55678
14134
40383
42165
57507
61667
19154
62696
4870
46694
40819
47982
24660
14486
40912
38098
23944
31545
50253
17025
51160
51534
17244
31805
52891
55314
53576
47379
56718
60659
31882
32021
19890
8799
64828
21612
7111
6824
61342
49740
17650
28550
37568
18685
13576
52823
35096
2323
16504
24284
33447
65127
10559
22896
7616
58240
50295
23978
62889
32937
19299
7461
20706
60115
36585
50719
2301
59372
35257
49036
58459
53564
48451
19095
30932
17863
2400
47154
51858
41505
35511
2457
61753
7238
36543
29700
58030
14015
8220
32683
2253
28022
62784
45911
37273
65181
13556
5479
52652
63460
57360
32207
40330
61045
50460
17574
31970
48628
34654
60764
57493
52035
28716
12064
22006
21970
63350
43832
3576
34682
10098
39278
3985
47690
50087
9259
31860
1359
18741
64707
1656
62007
37375
21670
42167
13930
57785
56892
3308
48084
2259
16613
10238
21130
49808
57613
20517
40376
19718
16106
9296
5758
25585
42096
56712
44858
20557
36889
30529
6415
13443
38576
16448
3737
27455
37735
29656
32399
55215
55124
45863
5031
60916
39860
47139
2361
39804
8253
40430
50170
61241
1190
45933
60856
25347
18193
48154
11787
24362
29982
62034
17276
2432
59278
46706
31146
19364
13954
6916
6910
58807
10776
48510
38318
63732
46468
40238
57065
46114
8337
22885
37451
21732
35704
42068
18702
50863
52661
32974
59376
37607
36587
39846
9751
52521
18039
42480
33911
7361
6590
23250
40797
28355
26973
28875
23649
57357
59722
7906
28156
22095
33196
41461
48875
22300
51955
41891
55941
12593
15256
27038
7947
51027
55694
47103
62236
65422
57131
7799
2740
48662
62104
33084
45082
10832
61579
52615
10455
55390
23138
63373
49838
34830
56466
11534
9918
45205
6458
42568
64033
61519
59079
1639
58192
52529
17252
62824
44910
31422
40010
33297
16018
25121
51234
56089
29090
54360
6316
8049
55217
8110
39412
52312
49969
4861
10173
40926
29677
29284
23685
39735
21683
63892
55844
57899
24908
21133
20113
3767
51590
574
44229
21628
64633
23907
12979
14462
6580
16130
2602
29439
5821
20724
20445
37189
20994
62110
11754
25064
38030
7483
57754
50892
15660
40710
4143
1864
58822
24474
27158
47600
9991
10048
47081
21123
23025
27419
31037
16217
61281
50889
62890
16868
45440
27283
31988
57067
46739
53817
29136
22022
4444
63561
12802
7706
52742
10330
934
45804
31
53929
31880
24048
65526
18619
51812
29833
42460
61191
27966
30425
54569
46860
53933
9257
11557
30924
60787
31205
41324
17736
17794
47221
64321
17
65451
3083
15687
33844
52494
10607
17553
61378
12177
54639
50554
42379
4970
27838
46442
53889
4663
49257
59083
30886
8412
60117
33037
1785
64129
62576
588
31810
62842
47204
1981
21197
36353
19060
55488
35982
11120
10145
9056
62118
58564
32103
30317
63573
924
44270
49905
3724
19949
27448
59713
6323
35975
36360
49532
7765
19982
22423
57445
843
42845
40408
7041
42911
59168
3843
35135
28104
49917
27211
33065
50099
22351
47993
42298
38871
26112
36446
7912
40336
502
35738
51639
57440
56161
32715
43623
3717
59798
29975
19406
43597
63182
2618
42482
10604
699
44896
7948
24979
16567
41725
46459
50177
19807
59147
34675
40149
62874
36757
50205
48140
49648
22461
11551
42143
25688
20862
57955
46691
17058
4171
56605
60864
13111
29036
31400
25931
14901
63730
1697
27185
9355
44483
42505
26284
45043
39739
19220
4441
37370
64608
54129
59148
14345
59895
39936
20118
40857
50401
1215
37215
43857
7338
51980
55746
42994
22388
957
578
35271
43582
48445
8138
36559
24592
45611
45024
46369
48859
2496
11855
9530
59974
22156
27083
34267
48185
3852
18596
63650
45803
61025
55884
22342
47198
50981
38115
28793
42074
62272
17378
2548
33728
50556
21
31280
15290
7002
16053
54092
17047
29078
20293
62648
31948
3823
4339
42745
59746
13560
49727
59912
15489
29669
13043
31841
19948
51026
22918
56223
49715
58647
27841
43478
50476
57821
2679
17431
62370
229
38247
48799
49559
2720
43406
9812
10135
25390
11151
35568
45875
22019
25203
56881
20605
19618
28152
13242
21464
50132
45824
56437
1967
42457
2059
45418
31594
62732
3184
57244
61119
10492
11314
29707
48688
44756
51804
61292
63123
26584
48653
63917
40212
49038
34891
33752
61821
28369
55694
20880
7252
53960
31206
41720
8338
63919
20845
5757
63880
54967
31254
16088
29153
63496
18581
6350
58160
64876
40090
19274
52704
35105
6670
64963
62923
15876
7708
11896
41552
17787
50117
22525
37479
36734
51215
42682
44623
52303
534
5377
653
58036
16005
18414
3348
21527
6080
44857
55340
28619
39676
7216
39297
57843
24211
42249
47244
13730
51462
64384
54588
60155
54918
39344
46281
21025
762
13196
6182
31462
49913
53220
45515
5174
62029
51110
34135
47454
28341
8322
32973
37546
32553
23377
63700
60480
55536
59482
53367
34981
14746
43377
21829
3792
36787
3211
1884
4660
49454
24236
41074
24340
32718
34510
44317
61964
62620
33015
1065
11257
5777
22312
35988
43041
26547
46690
32293
33855
20636
34021
211
17836
64780
55333
19889
39297
46350
33846
23300
47058
21464
46803
2040
58990
13261
15916
11480
31490
58358
49175
32032
1095
27493
6933
24347
9489
6209
24105
26608
8732
12722
1895
59035
50237
62013
12858
11452
60037
8528
47459
23821
63909
1013
44381
2725
7303
29909
64963
16160
56176
63556
46804
48933
60934
57805
10294
58744
25794
63294
17163
25990
52749
65420
57998
59728
33207
7879
61023
46790
39105
34400
58015
59961
20502
42845
41463
18264
28979
10383
59932
36030
60372
60556
38902
51162
35345
53799
35391
24346
11545
26189
55685
42235
60388
19273
34047
42151
52053
33417
55232
31217
48616
29748
30864
33721
37638
11022
34629
14797
64917
34207
54898
35264
41864
53340
42809
30194
37134
5069
27226
10634
36934
16495
20656
46056
9022
1237
55057
23722
49761
55464
43045
20674
50053
58700
2594
38576
19442
42989
45280
4189
20995
58914
1522
60157
15121
55637
50806
22592
17840
47668
22443
20863
65006
1136
48564
18979
55008
29490
42937
22159
33676
50759
17170
54415
31019
3793
58595
6626
52834
12510
48081
42091
61479
37112
46060
14457
57250
44367
17184
3413
29807
35013
63967
42197
29295
54590
48955
35481
19921
54864
4705
11040
53124
15441
65203
18332
46730
47366
54247
12830
40414
52909
49570
29063
62228
45197
5003
36992
23154
52285
28958
49397
9608
11742
43394
53625
50258
19666
34777
8968
46044
31748
14046
43017
2538
52655
44601
12428
45348
4751
13476
49849
58813
52000
28403
60084
32363
16065
15174
62299
28816
52401
33463
61534
16292
39067
41410
54530
6583
35147
62613
54450
60968
47176
54462
56524
26955
40168
51897
64180
50976
52720
9652
59237
27254
58713
14589
15368
21726
1645
10608
6492
50393
9426
26891
57823
56744
59595
6892
49412
39740
27599
58551
5581
52497
15267
58922
60173
35803
47160
61196
25716
2882
61516
19887
32153
47610
29079
37260
41648
12005
51425
4376
9369
53082
31669
14818
53757
22512
1037
46338
60274
23147
42864
62787
42105
18007
43552
52733
44302
22249
33672
45147
32586
53607
5158
51622
64265
34917
20501
62900
36638
57926
35260
44302
60366
61331
63643
57218
35936
45888
61247
47662
56402
12788
42040
53929
13392
39404
29743
42996
25652
65330
31091
3120
1974
5478
23128
14276
12613
65526
35758
54828
20619
56678
24136
65456
65340
22843
42525
61861
19548
41795
27838
58000
62449
19729
2035
37434
44068
1588
35988
44371
39393
8211
47024
34922
13275
55876
50154
9064
52201
61786
39789
30341
62737
1101
61575
48746
8322
24191
50843
13429
29766
11126
20466
23553
57556
19501
42559
60503
51458
46134
27487
39550
39357
33749
39501
10557
23084
20389
54115
17018
61129
60768
38360
49806
4621
44517
47906
36129
14930
43423
12443
56072
28759
49393
27730
48479
11057
61272
12890
17756
45993
40612
64123
19988
31290
15820
10373
49764
56321
17663
31203
47439
28975
30013
408
39699
44126
9515
56851
34575
32950
419
25874
20724
60967
12573
45018
48194
23624
55559
51861
12158
49653
36978
4016
52019
36244
44128
36197
23478
22741
52444
30421
62487
42072
288
17871
44716
57097
27088
18888
13119
38862
14872
62463
7308
22240
50582
48832
33509
48962
22996
9
60108
34848
180
49971
36750
5547
35804
45821
37059
14670
3358
18568
15895
60116
54157
57787
22186
41930
40870
33501
36219
23933
26257
15902
27156
46700
38188
28885
26849
47329
58923
13905
8883
35778
64011
22411
54353
3281
18514
50282
50068
53485
6481
56854
38013
43208
426
24004
12530
59888
41372
47799
19693
41619
46504
31925
35139
34740
15165
5791
31155
57837
5183
4811
20802
62179
32525
35860
35441
29272
36884
12376
48804
41202
28428
54738
33982
7259
39659
52212
32607
13112
31781
48805
6870
956
17320
49361
36319
7672
63684
17833
26282
4965
59007
22004
13760
64670
39796
47434
63610
58443
22046
11577
32714
25166
17622
34719
7938
5167
11814
30611
16650
1588
60839
12334
12831
838
61596
15713
56211
8211
31006
56260
4227
22668
13897
42475
12400
11863
30545
5946
29454
13727
42645
18641
53660
42961
58273
48506
28324
51414
9190
13365
39512
18242
52500
15439
51776
38908
17292
7893
45694
1879
65521
61071
29050
13737
53742
10123
49318
15067
8193
32311
13468
39757
7113
57256
54462
25283
50667
9116
7922
40332
65050
34127
27232
10599
31230
31210
13206
8453
24993
42379
64794
5258
4607
16619
22346
46745
21810
7474
32164
25967
17788
27615
4004
45517
56266
20901
51833
56901
28545
18778
47086
35076
58475
34352
42019
14531
40570
64774
45760
25033
7266
65475
64750
7471
53846
17984
24153
15695
29476
58892
50570
32073
60368
11463
29455
3133
3466
59310
1206
49345
19809
12264
29221
31765
37915
15924
42932
28547
25908
17665
19545
5375
57224
34926
54154
5177
46234
1731
62922
16386
63182
35155
35204
60536
13291
23400
39159
41608
41570
59746
52670
30897
539
62300
23704
56140
25669
4334
38139
28059
60465
57209
36668
62260
30441
26072
7535
56713
56888
14875
20206
57303
16770
4920
126
48600
46975
64962
54557
29277
26481
56688
1363
62687
39309
35196
56662
2744
34829
42831
58271
1907
17060
26924
45510
31400
19152
26298
9394
7714
21572
4206
63219
47201
52725
9569
61657
46906
44659
56477
12323
50670
10253
12069
30563
15188
35811
28774
20408
46322
12689
60903
42687
57168
57865
23844
13024
13239
21797
24653
60008
27125
58044
42321
59131
59218
53616
24792
18648
2116
40422
41191
50298
63830
58646
33697
41077
21195
3829
55270
19270
29100
10047
17934
59474
18300
19729
51046
45318
42047
11922
16227
63141
10186
56239
64379
27261
60196
15694
58409
13086
50476
50506
27489
7518
22342
12005
26505
5601
47812
42241
43117
51050
59869
60886
40065
39970
23635
33053
49047
2236
64795
35385
12302
16413
52528
29629
29664
52100
34832
54582
28834
21828
62500
21122
8345
40930
22951
56019
22506
41227
57779
24093
30759
56249
44942
35686
14539
43602
29152
31836
57182
47291
42243
25469
23552
48711
63000
56674
21817
57730
27462
30370
30364
52297
13137
10769
35629
3932
5431
42596
52099
48891
65373
8694
20471
41828
65135
63241
10972
4666
45079
14947
17026
56239
29131
40558
38251
10128
24164
13880
6982
45613
37035
47834
31709
44950
29666
23868
21378
63876
46473
27796
14885
39798
18988
25894
40159
65261
60936
50481
34495
27224
15576
37805
39772
18223
45808
53183
58884
576
57922
2502
14872
41618
31084
24347
31320
28161
24127
3251
38569
44938
40031
20535
38572
10810
64151
33795
60645
5941
16694
26821
43085
14713
4524
59877
55547
27843
5381
14923
6069
13624
811
62480
42328
25550
37275
9868
4701
33086
57434
31972
38714
10384
8848
46774
22558
58395
4126
12519
23873
11624
60017
31241
43087
38857
17245
15006
54142
3941
34260
9188
43449
35876
11645
33653
15069
48161
40318
17951
34079
13612
52376
4284
19258
46288
57280
9214
9459
25266
63892
13332
23089
24681
18549
7321
25927
64439
7705
15640
49921
60329
50614
44538
53421
22990
41964
3602
43490
1746
47957
15825
11599
11816
13955
6812
57834
34935
62069
41473
58086
40997
56745
60291
52219
387
39102
7111
21851
746
22645
21757
53980
64596
1427
64390
53055
35875
36967
55204
17188
47400
48238
35916
49656
22528
12989
43856
23580
62379
51056
38529
64438
23455
33895
11936
47167
16517
13881
32344
57391
36130
55103
40937
59022
21516
60560
63460
44946
13095
16565
17719
13842
3325
45756
35467
14821
12424
15968
37672
15498
36122
47821
51952
9385
38494
35558
62362
52777
30069
56163
22587
46725
59226
61099
55210
60705
20972
36558
26142
61852
3714
11996
61072
11010
56554
60607
36911
29466
64709
44750
11338
57507
18898
15128
21000
45721
38434
20073
17631
54450
53501
28038
49392
55237
21836
60007
14594
59758
25787
6387
17810
3397
33505
10794
35066
8903
62211
44761
37719
49491
35619
41136
49977
36373
291
39343
2950
62398
55281
45057
32967
7892
34346
16987
56926
35153
51045
22840
36267
46075
46679
22155
50561
26455
9519
16146
23768
61265
43635
9642
64977
27611
49437
47893
4089
50329
5847
44799
5303
40068
12660
29669
37079
48243
13002
899
17124
26954
35007
3930
7402
43786
59534
57234
34324
24224
61012
38696
39234
58323
53676
13996
43728
57539
16859
6226
10587
20192
30450
27701
57066
54179
18505
8767
43999
39557
3653
13464
24156
8570
41434
49824
43393
60982
65321
29481
31482
2912
20045
40586
14284
26152
7828
38193
54896
22188
6631
9710
11859
40240
12792
21958
65160
27529
57195
20931
49535
11702
4172
3896
14599
23986
14334
10612
59171
31214
16516
5681
52861
34699
27241
41488
65055
30995
27279
16959
2670
54756
12057
4612
23401
8827
18136
44955
21729
27677
36459
48064
32477
24918
3258
34688
58004
7062
37187
19330
31620
26142
26323
34697
57120
25218
25268
40313
43886
23855
63164
15569
24733
23832
20895
32119
14977
46088
1254
4286
8618
8144
21433
36242
52352
6446
3175
26291
62458
20816
45390
5080
62870
15821
19868
20721
40807
43959
3772
64743
51556
20357
11990
44443
20315
39512
29267
6822
15455
622
47186
33936
29267
33654
34401
52600
6990
4916
56349
47298
56720
63545
62244
31763
9038
43586
19338
63505
14251
15798
27049
14598
63435
51484
45444
61881
18204
14342
53549
36094
27182
61362
21664
25551
14880
23245
24577
7825
41961
34633
15468
49959
35904
58918
41295
426
41685
1250
48929
6427
56002
18553
49117
20745
31785
62748
14132
29365
56463
29882
44917
3572
19866
47159
53999
43022
49928
33743
44053
34071
8901
4704
6533
53832
19880
23236
48444
47542
50822
37981
2750
27070
9647
3597
45616
7347
1061
52177
45615
45636
38070
18587
20488
20017
54004
23119
33493
20465
41837
13528
54434
23895
8670
35621
63589
44746
57335
24726
29312
13025
1793
62739
27869
48516
48028
28968
7171
63862
37925
2007
18086
35671
7462
32133
32079
55049
45187
61735
1789
28644
62629
35004
7975
1242
43945
40145
38814
41971
52877
11548
20297
34863
24575
50387
26742
3975
52479
30587
15899
13146
9134
17894
31988
3032
25750
40235
27498
36966
64982
5158
25943
50100
24159
33257
55824
11822
26080
52919
43627
20922
15731
47232
60803
51551
29869
6895
59829
417
25606
48393
55930
5487
60623
58820
53188
25972
61339
9960
24920
16917
57147
16623
11306
29211
14528
56501
24144
11925
627
9325
47616
44165
25282
15382
59467
5587
29468
63123
19398
20325
23233
43491
40531
34392
43905
1743
21585
28124
20378
52527
11158
39981
27411
31802
6510
65191
45993
47063
30892
30371
22684
51589
20413
31289
43043
24377
59996
40522
5189
63661
29494
22431
5470
6489
25741
50806
49577
228
44476
17363
34419
59931
1561
21059
40334
43160
32607
13409
24229
54691
15440
55059
48436
19375
35870
64090
6200
53422
25129
62587
59173
55411
31313
26058
46813
34841
6251
7794
37230
43399
140
28239
13988
4547
52547
52865
29948
23055
60655
20978
39480
37778
5390
14286
49435
43571
22583
17427
40174
26704
23008
21136
17542
61054
60068
5268
21704
59288
46304
3840
25046
3979
28402
55246
57674
11077
37486
35943
48155
21374
48664
63708
48938
12823
32063
62091
28231
17040
20661
46322
48011
1180
20380
26191
34075
23910
39439
36878
13377
20374
14100
8000
23625
56940
38712
1458
14217
64605
23679
51777
49151
46315
55589
1563
33659
16550
29048
57306
570
64609
51763
7078
30556
25088
6649
21205
40269
15140
19341
47055
34765
52528
23911
62724
57657
51589
40802
55696
62328
32514
32654
62196
61306
3752
16736
20918
31170
11273
20017
20940
52840
35125
24655
46414
61502
41417
28907
32622
4493
26335
25832
4387
63081
58725
44179
51389
12569
11804
21823
54124
36629
44685
46890
58749
17598
65182
51235
23831
14318
58255
51345
65025
53817
17777
27939
8666
34658
47842
53347
10082
30090
30721
59617
20032
3860
5658
65104
28692
31181
58859
1113
60577
57615
22003
57421
14426
12087
18322
39365
3730
61880
61645
58275
16810
19998
10553
37460
2368
16682
61902
46010
60396
39453
56720
22545
21349
11275
64371
24183
19298
21686
12884
8210
13357
9685
57773
13083
60590
31744
1320
38827
28232
15359
26544
48819
31691
13843
47217
48627
45852
41473
13991
60496
46966
40213
62069
41422
47324
53111
20580
60225
9291
44753
54199
28387
52720
25705
59684
47200
29394
506
29455
51892
35739
47521
45989
24670
54651
43544
25729
11511
21617
46186
10808
50020
3422
29030
53736
48524
29694
22198
38073
35043
8654
28836
37633
11658
65171
53746
60034
47182
44327
49644
15801
33362
8583
9300
47305
33303
5120
56180
20270
37412
30683
20005
57929
14977
33300
17162
48702
32435
22063
26963
747
24328
17808
30714
46930
26880
46763
51528
6137
47434
33021
18753
63154
18391
63304
62204
38602
17777
63306
35551
39096
17616
36933
16567
19667
49356
54734
52526
32906
35245
41070
65351
16412
14742
22769
42188
35937
62970
268
33531
13762
10609
29605
49220
59002
48076
34842
2521
4162
4094
32357
34291
58239
23982
36680
63391
34192
61894
62694
47669
22009
33213
14500
13238
29543
50893
62474
32624
19322
14926
63450
44800
6742
13264
32099
61511
59763
3225
3578
47199
1
18129
22951
20270
45072
10736
45117
62126
22515
47782
20597
15668
49283
39368
64199
10855
34832
29425
41621
62555
19488
60549
6402
24429
18745
44747
21106
54620
19521
53614
64758
26109
5505
44727
38698
26397
14604
50206
17865
38800
28178
16504
32463
65257
64037
15735
42572
17992
11364
35478
60346
49578
6804
6467
22449
56579
28938
31627
52163
10973
18420
36060
41190
58761
55304
6064
53418
62870
32880
28598
35271
17288
13257
6623
17036
47609
19767
55092
6827
43442
8057
15514
55395
55269
64083
19817
64573
15670
53448
53971
46817
45019
11230
28661
45958
30672
35921
3722
5488
19359
62908
24915
1477
29071
8752
29245
26761
23330
53199
59851
38490
63396
38135
35491
27381
43181
35688
45918
12677
16542
28168
56412
14104
12195
53177
50299
44762
1724
4556
59694
19638
59562
49891
16621
42104
39849
50643
20757
48913
45805
40020
7424
32446
29446
49506
34348
29082
39763
37450
55654
45134
49118
19314
27165
4934
1684
33320
36072
2805
37732
40365
30666
2192
48015
35337
8688
5503
49367
60755
14771
37626
38112
10132
22525
52119
3382
21905
65318
7052
62437
45618
13464
51718
34637
15579
35057
37990
6532
56667
12712
4680
33860
57596
3740
21564
17193
36855
12191
56640
14760
59823
19717
25401
58733
14546
24787
58906
40696
7327
63892
51759
24903
3196
59192
30524
27643
13056
34163
15108
19595
14866
14570
56594
29957
15049
33230
43629
13035
38087
28582
34290
10417
33920
25331
62309
17253
3580
15198
22641
59175
42759
20687
9294
30999
17914
27829
9343
15818
13123
24212
26474
50060
26974
51571
4352
20427
31416
60889
47203
31618
3254
7943
49924
34982
44811
19288
13635
56249
17508
13252
49628
42293
2846
29274
39190
21734
64219
55792
24719
33945
47840
19267
46001
2274
26748
37039
13510
47867
26729
20739
46170
17300
43834
33315
3160
26214
38635
37556
48802
41199
48469
40910
10562
12667
22307
37601
2370
61925
19544
3900
1586
64957
26258
14511
20020
22309
31296
27259
52033
47320
41425
141
53883
22468
62556
27105
49365
43130
16034
50606
10309
60250
22394
8380
6008
49920
52111
18630
32769
26144
35950
47731
6172
14899
38551
59965
3682
48061
55421
41442
41367
19319
38613
7626
40048
25581
8508
741
49804
12106
21438
28998
64473
21662
28229
64052
37951
30516
24260
38221
58689
43062
52039
34088
10849
57294
18482
6211
23993
33649
25680
1545
50275
37300
62244
28406
12434
54959
42879
42719
3208
22443
19707
5639
7372
35627
27126
14339
4251
41604
30227
34550
19572
23423
6646
49193
24217
27322
20425
20315
21087
27201
45815
10211
8885
65302
30753
36806
52331
7061
8328
13730
28325
29989
43689
48797
50669
39699
9243
43461
37690
30545
31056
21979
16054
51662
61893
27433
9582
42174
20114
34054
52637
58094
10691
31745
34798
58516
34072
27856
50305
25868
35619
33347
13649
44963
20807
52760
27681
13348
36428
31469
48265
59552
1875
46705
3854
60171
18211
61312
31533
62413
57781
60595
53500
50098
60357
8162
37708
13573
8317
10851
54020
31958
18797
13017
1538
61154
38084
35171
43551
42574
48786
19350
18529
33467
281
52809
51318
6508
22781
8094
60133
59552
29766
20463
28244
27596
12714
53140
29679
39768
65127
13435
61999
15241
15629
52281
1590
38577
18446
19242
31799
28425
30032
38540
23140
47785
46678
39885
39566
4491
36909
47316
36632
32740
18363
59100
21092
41478
47898
33102
15790
12511
34158
33401
27234
9195
7621
50958
5129
17720
50402
30716
31004
46956
26150
51668
23044
39401
29203
35122
26686
56891
28762
50600
5673
65057
43055
52859
25449
53058
57009
19056
41268
40560
41497
41204
39341
12382
46794
44506
27121
31538
14470
13624
35489
11956
58330
20057
13973
30394
6901
58368
22481
44509
28222
4839
7558
7431
8858
62435
20081
13697
21041
58609
5890
42440
37827
21142
3121
23095
11369
41252
30128
32469
1596
17955
48225
17176
19156
19238
59112
26605
62511
9148
8090
13896
44284
5172
2782
65144
49652
62150
18108
63412
21451
32408
21185
17341
64863
30807
5275
32924
24124
17881
50849
45479
4829
10195
50505
35007
56435
20258
54873
38984
110
60966
44980
32617
29045
42890
31423
32672
29715
54486
26593
35595
25435
30298
50656
8116
58743
13238
7813
60453
50312
10711
27612
32971
46618
29873
31315
38818
44148
41740
18362
7333
7596
40747
57676
58704
41292
48462
59279
23177
48353
56775
22
42804
51357
64550
28682
41622
27157
58661
42720
11312
60418
51183
49880
51720
64232
45492
37703
25681
10429
3088
39685
10968
61213
16003
1465
65425
10644
17897
45960
54942
37845
1443
7695
54350
34483
51668
42688
7988
22436
28992
20365
2888
51444
38940
36268
57209
60602
550
12992
53812
9456
27910
35532
30042
3372
61470
48599
18077
33649
5579
63733
46403
62431
1080
7871
8603
41815
38609
64710
11385
19408
41007
40833
25288
51394
21998
45494
56238
60780
6265
8826
37639
61497
62350
15920
4094
54994
64709
37285
45874
26428
2360
20148
25955
39466
41194
44707
53745
9391
33933
34353
54698
60553
64109
39975
23544
3094
63486
12193
15631
2291
27193
11987
48519
61677
59974
8259
42186
54280
8977
59397
48886
9812
22764
27043
4699
18929
39098
32405
35609
33337
3041
32255
27395
26773
52086
5584
10486
7899
9853
145
31446
41439
12556
32305
63359
9526
64578
24246
35206
59916
93
1809
24360
9837
8963
9266
19252
20524
12161
43188
35950
39437
16754
51177
10414
8930
56553
48272
57970
58225
61992
6962
25663
57129
47338
64303
6493
17973
52470
53914
19209
28219
32800
33062
33091
15650
39163
49339
30699
50250
36469
55037
52970
29509
60435
1772
18892
32536
38404
36092
43094
22949
23861
62132
64525
22901
15083
36817
23604
9852
47948
48864
5274
52889
19376
24393
2360
52877
55235
32699
39701
10475
53115
53084
33154
52164
48303
11736
1679
35177
8554
47389
11960
52701
22869
18174
42794
31545
63127
52140
39963
55991
13250
4431
10466
15870
41903
63570
9435
9248
34044
25116
64455
61011
21597
62560
8376
24266
8657
39511
51034
16620
5249
9489
60883
5332
59193
41792
1867
49967
44966
7370
44927
27404
20385
53459
26849
39715
7849
12834
29762
45819
51668
63761
58640
58543
7808
60340
39621
60529
40113
61668
25552
29051
60598
26916
27797
19030
64439
60855
6570
63901
57711
26291
30411
34375
14667
58916
57640
5108
31938
26114
43929
2512
23283
54418
61597
43346
64412
8937
53547
30795
31943
34751
3595
42985
6004
12243
39493
43075
20765
59466
56979
156
15302
1282
24259
9499
55305
58087
1591
27045
40348
28373
24893
16177
17830
58807
60079
63503
17304
38483
17553
46896
34411
33022
58858
5302
24230
48809
30329
12040
6230
39978
2331
1720
48104
3593
43777
54269
41415
10382
42554
62024
63009
19604
20460
26633
18523
9705
62061
33251
35033
33495
22287
63019
61196
22681
33148
54627
35091
46089
7568
63042
45787
1960
34282
13692
57866
50652
14673
5328
5741
40613
9998
14703
1073
62793
20119
36267
23094
47327
48066
19600
32403
27215
5238
17294
42703
61166
38602
4483
19926
44005
60785
18806
42105
29245
12683
5418
60123
21640
15618
35781
19010
44958
63240
4646
18993
5889
39310
51868
56748
43381
58967
27154
7950
337
31414
523
12392
16723
17449
41295
3158
25443
21402
43428
9794
19589
48478
28014
47462
8988
40981
18602
65111
8164
12907
15638
28076
18483
17673
3686
49451
5756
56944
60402
39346
3472
57814
47559
4808
63553
35761
46451
51619
49724
41532
18621
46712
20297
13347
20171
35950
43828
60261
56070
46028
56083
1673
64880
12137
30399
37738
45121
39661
400
15739
20759
11294
12292
35000
52427
63288
2930
51869
39973
34534
55413
19221
59084
10959
58855
24659
59194
37188
25472
60181
4102
36977
7753
41927
62392
8155
52053
60981
37157
9105
15074
2420
2619
31262
44590
454
30121
36047
8734
15863
25674
61805
37230
56834
18173
57891
33222
62749
49666
9298
36890
830
59730
2935
62046
31509
63955
14800
27845
23400
17089
42592
3645
14814
3559
12192
61339
58762
34806
3876
2657
11177
1880
11961
52078
61902
9700
24992
20434
20943
58375
37900
37510
61021
33154
10735
12890
31766
52427
39939
62765
7639
56554
31841
11233
51926
39137
4977
2193
30199
18433
43424
37344
28251
179
50072
39926
35588
6604
24725
34720
42547
33717
57925
6369
23243
58646
57510
54930
18063
36591
22219
18033
49855
32525
32771
10524
18870
21494
16825
21418
47182
1152
10500
16840
46518
23805
21849
41885
56134
17993
9541
64411
75
43561
29400
32722
63742
55962
64832
13816
3179
22997
9475
24703
15536
45637
8522
33529
24298
37149
64743
13492
37114
24933
52171
25919
62089
44259
48051
33538
27665
29571
3460
36019
58821
58958
44166
13744
53631
41712
44473
60888
11691
10824
41271
6187
12485
17875
19498
9889
65436
23283
54853
105
50903
47272
36197
56138
25203
46554
62006
40043
40409
64617
45683
13699
57211
57303
18679
65362
43952
58614
41029
5402
22211
38707
24974
5645
17511
7894
10370
4784
32246
33705
55352
7658
47860
14702
9842
62585
23084
54304
4380
40515
36048
19614
20165
44187
63642
51786
52166
50031
4860
2805
58932
56461
15849
28760
4564
44641
2894
33903
49823
25307
22289
43129
8287
27630
37109
1459
64172
12718
35695
49948
50515
56606
19812
6438
60845
56270
32613
53097
46201
44265
57244
5520
52331
28311
62482
28182
54667
45939
49690
34714
24453
35647
19739
41843
20795
46980
22008
8575
51022
28899
41833
56908
35395
12698
6392
20739
51680
64397
6205
4557
19962
24812
33909
52647
41421
43096
2530
23206
59385
16763
30015
34854
50937
54073
26353
52248
44131
1894
40376
58436
27173
6730
53752
15619
14577
162
48266
19599
43911
754
21769
1362
34533
36619
32791
40930
19219
41361
38361
45084
44143
22573
91
31795
56895
51305
34899
64717
9919
50340
305
4163
13774
36559
20794
39375
3840
1827
48335
41775
2995
53354
64073
41193
39909
21745
16237
